690190 13910  20060201_0  51.75     33.0 24  1006.3 24   943.9 24   15.0 24   10.7 24   22.0   28.9    0.00I 999.9  000000 	
690190 13910  20060201_1  54.74     33.0 24  1006.3 24   943.9 24   15.0 24   10.7 24   22.0   28.9    0.00I 999.9  000000 	
690190 13910  20060201_2  50.59     33.0 24  1006.3 24   943.9 24   15.0 24   10.7 24   22.0   28.9    0.00I 999.9  000000 	
690190 13910  20060201_3  51.67     33.0 24  1006.3 24   943.9 24   15.0 24   10.7 24   22.0   28.9    0.00I 999.9  000000 	
690190 13910  20060201_4  65.67     33.0 24  1006.3 24   943.9 24   15.0 24   10.7 24   22.0   28.9    0.00I 999.9  000000 	
690190 13910  20060201_5  55.37     33.0 24  1006.3 24   943.9 24   15.0 24   10.7 24   22.0   28.9    0.00I 999.9  000000 	
690190 13910  20060201_6  49.26     33.0 24  1006.3 24   943.9 24   15.0 24   10.7 24   22.0   28.9    0.00I 999.9  000000 	
690190 13910  20060201_7  55.44     33.0 24  1006.3 24   943.9 24   15.0 24   10.7 24   22.0   28.9    0.00I 999.9  000000 	
690190 13910  20060201_8  64.05     33.0 24  1006.3 24   943.9 24   15.0 24   10.7 24   22.0   28.9    0.00I 999.9  000000 	
690190 13910  20060201_9  68.77     33.0 24  1006.3 24   943.9 24   15.0 24   10.7 24   22.0   28.9    0.00I 999.9  000000 	
690190 13910  20060201_10  48.93     33.0 24  1006.3 24   943.9 24   15.0 24   10.7 24   22.0   28.9    0.00I 999.9  000000 	
690190 13910  20060201_11  65.37     33.0 24  1006.3 24   943.9 24   15.0 24   10.7 24   22.0   28.9    0.00I 999.9  000000 	
690190 13910  20060201_12  69.45     33.0 24  1006.3 24   943.9 24   15.0 24   10.7 24   22.0   28.9    0.00I 999.9  000000 	
690190 13910  20060201_13  52.91     33.0 24  1006.3 24   943.9 24   15.0 24   10.7 24   22.0   28.9    0.00I 999.9  000000 	
690190 13910  20060201_14  53.69     33.0 24  1006.3 24   943.9 24   15.0 24   10.7 24   22.0   28.9    0.00I 999.9  000000 	
690190 13910  20060201_15  53.30     33.0 24  1006.3 24   943.9 24   15.0 24   10.7 24   22.0   28.9    0.00I 999.9  000000 	
690190 13910  20060201_16  66.17     33.0 24  1006.3 24   943.9 24   15.0 24   10.7 24   22.0   28.9    0.00I 999.9  000000 	
690190 13910  20060201_17  53.83     33.0 24  1006.3 24   943.9 24   15.0 24   10.7 24   22.0   28.9    0.00I 999.9  000000 	
690190 13910  20060201_18  50.54     33.0 24  1006.3 24   943.9 24   15.0 24   10.7 24   22.0   28.9    0.00I 999.9  000000 	
690190 13910  20060201_19  50.27     33.0 24  1006.3 24   943.9 24   15.0 24   10.7 24   22.0   28.9    0.00I 999.9  000000 	
690190 13910  20060201_20  59.08     33.0 24  1006.3 24   943.9 24   15.0 24   10.7 24   22.0   28.9    0.00I 999.9  000000 	
690190 13910  20060201_21  53.05     33.0 24  1006.3 24   943.9 24   15.0 24   10.7 24   22.0   28.9    0.00I 999.9  000000 	
690190 13910  20060201_22  57.97     33.0 24  1006.3 24   943.9 24   15.0 24   10.7 24   22.0   28.9    0.00I 999.9  000000 	
690190 13910  20060201_23  48.23     33.0 24  1006.3 24   943.9 24   15.0 24   10.7 24   22.0   28.9    0.00I 999.9  000000 	
690190 13910  20060202_0  47.16     28.5 24  1003.2 24   940.6 24   15.0 24    5.7 24   12.0  999.9    0.00I 999.9  000000 	
690190 13910  20060202_1  69.72     28.5 24  1003.2 24   940.6 24   15.0 24    5.7 24   12.0  999.9    0.00I 999.9  000000 	
690190 13910  20060202_2  62.71     28.5 24  1003.2 24   940.6 24   15.0 24    5.7 24   12.0  999.9    0.00I 999.9  000000 	
690190 13910  20060202_3  46.34     28.5 24  1003.2 24   940.6 24   15.0 24    5.7 24   12.0  999.9    0.00I 999.9  000000 	
690190 13910  20060202_4  53.15     28.5 24  1003.2 24   940.6 24   15.0 24    5.7 24   12.0  999.9    0.00I 999.9  000000 	
690190 13910  20060202_5  64.59     28.5 24  1003.2 24   940.6 24   15.0 24    5.7 24   12.0  999.9    0.00I 999.9  000000 	
690190 13910  20060202_6  58.26     28.5 24  1003.2 24   940.6 24   15.0 24    5.7 24   12.0  999.9    0.00I 999.9  000000 	
690190 13910  20060202_7  53.27     28.5 24  1003.2 24   940.6 24   15.0 24    5.7 24   12.0  999.9    0.00I 999.9  000000 	
690190 13910  20060202_8  43.68     28.5 24  1003.2 24   940.6 24   15.0 24    5.7 24   12.0  999.9    0.00I 999.9  000000 	
690190 13910  20060202_9  65.70     28.5 24  1003.2 24   940.6 24   15.0 24    5.7 24   12.0  999.9    0.00I 999.9  000000 	
690190 13910  20060202_10  66.27     28.5 24  1003.2 24   940.6 24   15.0 24    5.7 24   12.0  999.9    0.00I 999.9  000000 	
690190 13910  20060202_11  53.05     28.5 24  1003.2 24   940.6 24   15.0 24    5.7 24   12.0  999.9    0.00I 999.9  000000 	
690190 13910  20060202_12  68.45     28.5 24  1003.2 24   940.6 24   15.0 24    5.7 24   12.0  999.9    0.00I 999.9  000000 	
690190 13910  20060202_13  49.03     28.5 24  1003.2 24   940.6 24   15.0 24    5.7 24   12.0  999.9    0.00I 999.9  000000 	
690190 13910  20060202_14  66.59     28.5 24  1003.2 24   940.6 24   15.0 24    5.7 24   12.0  999.9    0.00I 999.9  000000 	
690190 13910  20060202_15  63.12     28.5 24  1003.2 24   940.6 24   15.0 24    5.7 24   12.0  999.9    0.00I 999.9  000000 	
690190 13910  20060202_16  49.13     28.5 24  1003.2 24   940.6 24   15.0 24    5.7 24   12.0  999.9    0.00I 999.9  000000 	
690190 13910  20060202_17  62.85     28.5 24  1003.2 24   940.6 24   15.0 24    5.7 24   12.0  999.9    0.00I 999.9  000000 	
690190 13910  20060202_18  64.67     28.5 24  1003.2 24   940.6 24   15.0 24    5.7 24   12.0  999.9    0.00I 999.9  000000 	
690190 13910  20060202_19  55.73     28.5 24  1003.2 24   940.6 24   15.0 24    5.7 24   12.0  999.9    0.00I 999.9  000000 	
690190 13910  20060202_20  56.42     28.5 24  1003.2 24   940.6 24   15.0 24    5.7 24   12.0  999.9    0.00I 999.9  000000 	
690190 13910  20060202_21  53.83     28.5 24  1003.2 24   940.6 24   15.0 24    5.7 24   12.0  999.9    0.00I 999.9  000000 	
690190 13910  20060202_22  45.14     28.5 24  1003.2 24   940.6 24   15.0 24    5.7 24   12.0  999.9    0.00I 999.9  000000 	
690190 13910  20060202_23  68.18     28.5 24  1003.2 24   940.6 24   15.0 24    5.7 24   12.0  999.9    0.00I 999.9  000000 	
720110 53983  20060201_0  61.87     51.8 24  9999.9  0  9999.9  0    9.4 24    3.6 24   11.1   14.0    0.00I 999.9  000000 	
720110 53983  20060201_1  59.24     51.8 24  9999.9  0  9999.9  0    9.4 24    3.6 24   11.1   14.0    0.00I 999.9  000000 	
720110 53983  20060201_2  58.22     51.8 24  9999.9  0  9999.9  0    9.4 24    3.6 24   11.1   14.0    0.00I 999.9  000000 	
720110 53983  20060201_3  57.07     51.8 24  9999.9  0  9999.9  0    9.4 24    3.6 24   11.1   14.0    0.00I 999.9  000000 	
720110 53983  20060201_4  58.32     51.8 24  9999.9  0  9999.9  0    9.4 24    3.6 24   11.1   14.0    0.00I 999.9  000000 	
720110 53983  20060201_5  53.48     51.8 24  9999.9  0  9999.9  0    9.4 24    3.6 24   11.1   14.0    0.00I 999.9  000000 	
720110 53983  20060201_6  59.71     51.8 24  9999.9  0  9999.9  0    9.4 24    3.6 24   11.1   14.0    0.00I 999.9  000000 	
720110 53983  20060201_7  58.76     51.8 24  9999.9  0  9999.9  0    9.4 24    3.6 24   11.1   14.0    0.00I 999.9  000000 	
720110 53983  20060201_8  53.94     51.8 24  9999.9  0  9999.9  0    9.4 24    3.6 24   11.1   14.0    0.00I 999.9  000000 	
720110 53983  20060201_9  56.03     51.8 24  9999.9  0  9999.9  0    9.4 24    3.6 24   11.1   14.0    0.00I 999.9  000000 	
720110 53983  20060201_10  53.26     51.8 24  9999.9  0  9999.9  0    9.4 24    3.6 24   11.1   14.0    0.00I 999.9  000000 	
720110 53983  20060201_11  59.04     51.8 24  9999.9  0  9999.9  0    9.4 24    3.6 24   11.1   14.0    0.00I 999.9  000000 	
720110 53983  20060201_12  56.56     51.8 24  9999.9  0  9999.9  0    9.4 24    3.6 24   11.1   14.0    0.00I 999.9  000000 	
720110 53983  20060201_13  54.56     51.8 24  9999.9  0  9999.9  0    9.4 24    3.6 24   11.1   14.0    0.00I 999.9  000000 	
720110 53983  20060201_14  69.73     51.8 24  9999.9  0  9999.9  0    9.4 24    3.6 24   11.1   14.0    0.00I 999.9  000000 	
720110 53983  20060201_15  55.92     51.8 24  9999.9  0  9999.9  0    9.4 24    3.6 24   11.1   14.0    0.00I 999.9  000000 	
720110 53983  20060201_16  68.22     51.8 24  9999.9  0  9999.9  0    9.4 24    3.6 24   11.1   14.0    0.00I 999.9  000000 	
720110 53983  20060201_17  59.05     51.8 24  9999.9  0  9999.9  0    9.4 24    3.6 24   11.1   14.0    0.00I 999.9  000000 	
720110 53983  20060201_18  52.57     51.8 24  9999.9  0  9999.9  0    9.4 24    3.6 24   11.1   14.0    0.00I 999.9  000000 	
720110 53983  20060201_19  63.00     51.8 24  9999.9  0  9999.9  0    9.4 24    3.6 24   11.1   14.0    0.00I 999.9  000000 	
720110 53983  20060201_20  52.16     51.8 24  9999.9  0  9999.9  0    9.4 24    3.6 24   11.1   14.0    0.00I 999.9  000000 	
720110 53983  20060201_21  58.38     51.8 24  9999.9  0  9999.9  0    9.4 24    3.6 24   11.1   14.0    0.00I 999.9  000000 	
720110 53983  20060201_22  62.65     51.8 24  9999.9  0  9999.9  0    9.4 24    3.6 24   11.1   14.0    0.00I 999.9  000000 	
720110 53983  20060201_23  53.02     51.8 24  9999.9  0  9999.9  0    9.4 24    3.6 24   11.1   14.0    0.00I 999.9  000000 	
720110 53983  20060202_0  64.24     43.4 24  9999.9  0  9999.9  0    8.3 24    4.9 24   15.0   19.0    0.00I 999.9  100000 	
720110 53983  20060202_1  46.37     43.4 24  9999.9  0  9999.9  0    8.3 24    4.9 24   15.0   19.0    0.00I 999.9  100000 	
720110 53983  20060202_2  44.93     43.4 24  9999.9  0  9999.9  0    8.3 24    4.9 24   15.0   19.0    0.00I 999.9  100000 	
720110 53983  20060202_3  63.91     43.4 24  9999.9  0  9999.9  0    8.3 24    4.9 24   15.0   19.0    0.00I 999.9  100000 	
720110 53983  20060202_4  43.49     43.4 24  9999.9  0  9999.9  0    8.3 24    4.9 24   15.0   19.0    0.00I 999.9  100000 	
720110 53983  20060202_5  44.98     43.4 24  9999.9  0  9999.9  0    8.3 24    4.9 24   15.0   19.0    0.00I 999.9  100000 	
720110 53983  20060202_6  70.30     43.4 24  9999.9  0  9999.9  0    8.3 24    4.9 24   15.0   19.0    0.00I 999.9  100000 	
720110 53983  20060202_7  66.30     43.4 24  9999.9  0  9999.9  0    8.3 24    4.9 24   15.0   19.0    0.00I 999.9  100000 	
720110 53983  20060202_8  69.77     43.4 24  9999.9  0  9999.9  0    8.3 24    4.9 24   15.0   19.0    0.00I 999.9  100000 	
720110 53983  20060202_9  61.05     43.4 24  9999.9  0  9999.9  0    8.3 24    4.9 24   15.0   19.0    0.00I 999.9  100000 	
720110 53983  20060202_10  45.31     43.4 24  9999.9  0  9999.9  0    8.3 24    4.9 24   15.0   19.0    0.00I 999.9  100000 	
720110 53983  20060202_11  53.69     43.4 24  9999.9  0  9999.9  0    8.3 24    4.9 24   15.0   19.0    0.00I 999.9  100000 	
720110 53983  20060202_12  59.34     43.4 24  9999.9  0  9999.9  0    8.3 24    4.9 24   15.0   19.0    0.00I 999.9  100000 	
720110 53983  20060202_13  56.30     43.4 24  9999.9  0  9999.9  0    8.3 24    4.9 24   15.0   19.0    0.00I 999.9  100000 	
720110 53983  20060202_14  63.72     43.4 24  9999.9  0  9999.9  0    8.3 24    4.9 24   15.0   19.0    0.00I 999.9  100000 	
720110 53983  20060202_15  67.41     43.4 24  9999.9  0  9999.9  0    8.3 24    4.9 24   15.0   19.0    0.00I 999.9  100000 	
720110 53983  20060202_16  47.75     43.4 24  9999.9  0  9999.9  0    8.3 24    4.9 24   15.0   19.0    0.00I 999.9  100000 	
720110 53983  20060202_17  62.20     43.4 24  9999.9  0  9999.9  0    8.3 24    4.9 24   15.0   19.0    0.00I 999.9  100000 	
720110 53983  20060202_18  71.46     43.4 24  9999.9  0  9999.9  0    8.3 24    4.9 24   15.0   19.0    0.00I 999.9  100000 	
720110 53983  20060202_19  74.47     43.4 24  9999.9  0  9999.9  0    8.3 24    4.9 24   15.0   19.0    0.00I 999.9  100000 	
720110 53983  20060202_20  72.40     43.4 24  9999.9  0  9999.9  0    8.3 24    4.9 24   15.0   19.0    0.00I 999.9  100000 	
720110 53983  20060202_21  56.99     43.4 24  9999.9  0  9999.9  0    8.3 24    4.9 24   15.0   19.0    0.00I 999.9  100000 	
720110 53983  20060202_22  58.30     43.4 24  9999.9  0  9999.9  0    8.3 24    4.9 24   15.0   19.0    0.00I 999.9  100000 	
720110 53983  20060202_23  62.91     43.4 24  9999.9  0  9999.9  0    8.3 24    4.9 24   15.0   19.0    0.00I 999.9  100000 	
720151 03049  20060201_0  63.42     31.0 24  9999.9  0   863.6 15   10.0 24    7.2 24   18.1   23.9    0.00I 999.9  000000 	
720151 03049  20060201_1  57.76     31.0 24  9999.9  0   863.6 15   10.0 24    7.2 24   18.1   23.9    0.00I 999.9  000000 	
720151 03049  20060201_2  58.05     31.0 24  9999.9  0   863.6 15   10.0 24    7.2 24   18.1   23.9    0.00I 999.9  000000 	
720151 03049  20060201_3  53.46     31.0 24  9999.9  0   863.6 15   10.0 24    7.2 24   18.1   23.9    0.00I 999.9  000000 	
720151 03049  20060201_4  45.88     31.0 24  9999.9  0   863.6 15   10.0 24    7.2 24   18.1   23.9    0.00I 999.9  000000 	
720151 03049  20060201_5  47.44     31.0 24  9999.9  0   863.6 15   10.0 24    7.2 24   18.1   23.9    0.00I 999.9  000000 	
720151 03049  20060201_6  64.01     31.0 24  9999.9  0   863.6 15   10.0 24    7.2 24   18.1   23.9    0.00I 999.9  000000 	
720151 03049  20060201_7  63.05     31.0 24  9999.9  0   863.6 15   10.0 24    7.2 24   18.1   23.9    0.00I 999.9  000000 	
720151 03049  20060201_8  52.86     31.0 24  9999.9  0   863.6 15   10.0 24    7.2 24   18.1   23.9    0.00I 999.9  000000 	
720151 03049  20060201_9  52.82     31.0 24  9999.9  0   863.6 15   10.0 24    7.2 24   18.1   23.9    0.00I 999.9  000000 	
720151 03049  20060201_10  65.14     31.0 24  9999.9  0   863.6 15   10.0 24    7.2 24   18.1   23.9    0.00I 999.9  000000 	
720151 03049  20060201_11  65.20     31.0 24  9999.9  0   863.6 15   10.0 24    7.2 24   18.1   23.9    0.00I 999.9  000000 	
720151 03049  20060201_12  49.39     31.0 24  9999.9  0   863.6 15   10.0 24    7.2 24   18.1   23.9    0.00I 999.9  000000 	
720151 03049  20060201_13  61.24     31.0 24  9999.9  0   863.6 15   10.0 24    7.2 24   18.1   23.9    0.00I 999.9  000000 	
720151 03049  20060201_14  52.43     31.0 24  9999.9  0   863.6 15   10.0 24    7.2 24   18.1   23.9    0.00I 999.9  000000 	
720151 03049  20060201_15  57.48     31.0 24  9999.9  0   863.6 15   10.0 24    7.2 24   18.1   23.9    0.00I 999.9  000000 	
720151 03049  20060201_16  53.33     31.0 24  9999.9  0   863.6 15   10.0 24    7.2 24   18.1   23.9    0.00I 999.9  000000 	
720151 03049  20060201_17  59.51     31.0 24  9999.9  0   863.6 15   10.0 24    7.2 24   18.1   23.9    0.00I 999.9  000000 	
720151 03049  20060201_18  62.13     31.0 24  9999.9  0   863.6 15   10.0 24    7.2 24   18.1   23.9    0.00I 999.9  000000 	
720151 03049  20060201_19  61.85     31.0 24  9999.9  0   863.6 15   10.0 24    7.2 24   18.1   23.9    0.00I 999.9  000000 	
720151 03049  20060201_20  57.78     31.0 24  9999.9  0   863.6 15   10.0 24    7.2 24   18.1   23.9    0.00I 999.9  000000 	
720151 03049  20060201_21  64.08     31.0 24  9999.9  0   863.6 15   10.0 24    7.2 24   18.1   23.9    0.00I 999.9  000000 	
720151 03049  20060201_22  61.48     31.0 24  9999.9  0   863.6 15   10.0 24    7.2 24   18.1   23.9    0.00I 999.9  000000 	
720151 03049  20060201_23  54.82     31.0 24  9999.9  0   863.6 15   10.0 24    7.2 24   18.1   23.9    0.00I 999.9  000000 	
720151 03049  20060202_0  66.37     30.8 24  9999.9  0   862.6  9   10.0 24   14.6 24   27.0   34.0    0.00I 999.9  000000 	
720151 03049  20060202_1  61.88     30.8 24  9999.9  0   862.6  9   10.0 24   14.6 24   27.0   34.0    0.00I 999.9  000000 	
720151 03049  20060202_2  57.64     30.8 24  9999.9  0   862.6  9   10.0 24   14.6 24   27.0   34.0    0.00I 999.9  000000 	
720151 03049  20060202_3  58.40     30.8 24  9999.9  0   862.6  9   10.0 24   14.6 24   27.0   34.0    0.00I 999.9  000000 	
720151 03049  20060202_4  59.12     30.8 24  9999.9  0   862.6  9   10.0 24   14.6 24   27.0   34.0    0.00I 999.9  000000 	
720151 03049  20060202_5  68.27     30.8 24  9999.9  0   862.6  9   10.0 24   14.6 24   27.0   34.0    0.00I 999.9  000000 	
720151 03049  20060202_6  68.84     30.8 24  9999.9  0   862.6  9   10.0 24   14.6 24   27.0   34.0    0.00I 999.9  000000 	
720151 03049  20060202_7  55.45     30.8 24  9999.9  0   862.6  9   10.0 24   14.6 24   27.0   34.0    0.00I 999.9  000000 	
720151 03049  20060202_8  54.62     30.8 24  9999.9  0   862.6  9   10.0 24   14.6 24   27.0   34.0    0.00I 999.9  000000 	
720151 03049  20060202_9  61.09     30.8 24  9999.9  0   862.6  9   10.0 24   14.6 24   27.0   34.0    0.00I 999.9  000000 	
720151 03049  20060202_10  50.92     30.8 24  9999.9  0   862.6  9   10.0 24   14.6 24   27.0   34.0    0.00I 999.9  000000 	
720151 03049  20060202_11  61.64     30.8 24  9999.9  0   862.6  9   10.0 24   14.6 24   27.0   34.0    0.00I 999.9  000000 	
720151 03049  20060202_12  67.00     30.8 24  9999.9  0   862.6  9   10.0 24   14.6 24   27.0   34.0    0.00I 999.9  000000 	
720151 03049  20060202_13  62.66     30.8 24  9999.9  0   862.6  9   10.0 24   14.6 24   27.0   34.0    0.00I 999.9  000000 	
720151 03049  20060202_14  62.52     30.8 24  9999.9  0   862.6  9   10.0 24   14.6 24   27.0   34.0    0.00I 999.9  000000 	
720151 03049  20060202_15  53.69     30.8 24  9999.9  0   862.6  9   10.0 24   14.6 24   27.0   34.0    0.00I 999.9  000000 	
720151 03049  20060202_16  66.26     30.8 24  9999.9  0   862.6  9   10.0 24   14.6 24   27.0   34.0    0.00I 999.9  000000 	
720151 03049  20060202_17  54.90     30.8 24  9999.9  0   862.6  9   10.0 24   14.6 24   27.0   34.0    0.00I 999.9  000000 	
720151 03049  20060202_18  67.54     30.8 24  9999.9  0   862.6  9   10.0 24   14.6 24   27.0   34.0    0.00I 999.9  000000 	
720151 03049  20060202_19  61.18     30.8 24  9999.9  0   862.6  9   10.0 24   14.6 24   27.0   34.0    0.00I 999.9  000000 	
720151 03049  20060202_20  55.33     30.8 24  9999.9  0   862.6  9   10.0 24   14.6 24   27.0   34.0    0.00I 999.9  000000 	
720151 03049  20060202_21  65.87     30.8 24  9999.9  0   862.6  9   10.0 24   14.6 24   27.0   34.0    0.00I 999.9  000000 	
720151 03049  20060202_22  50.64     30.8 24  9999.9  0   862.6  9   10.0 24   14.6 24   27.0   34.0    0.00I 999.9  000000 	
720151 03049  20060202_23  56.29     30.8 24  9999.9  0   862.6  9   10.0 24   14.6 24   27.0   34.0    0.00I 999.9  000000 	
720261 53976  20060201_0  57.56     41.2 24  9999.9  0   978.0 13   10.0 24    6.3 24   11.1   16.9    0.00I 999.9  000000 	
720261 53976  20060201_1  66.08     41.2 24  9999.9  0   978.0 13   10.0 24    6.3 24   11.1   16.9    0.00I 999.9  000000 	
720261 53976  20060201_2  49.39     41.2 24  9999.9  0   978.0 13   10.0 24    6.3 24   11.1   16.9    0.00I 999.9  000000 	
720261 53976  20060201_3  50.27     41.2 24  9999.9  0   978.0 13   10.0 24    6.3 24   11.1   16.9    0.00I 999.9  000000 	
720261 53976  20060201_4  57.85     41.2 24  9999.9  0   978.0 13   10.0 24    6.3 24   11.1   16.9    0.00I 999.9  000000 	
720261 53976  20060201_5  68.48     41.2 24  9999.9  0   978.0 13   10.0 24    6.3 24   11.1   16.9    0.00I 999.9  000000 	
720261 53976  20060201_6  53.22     41.2 24  9999.9  0   978.0 13   10.0 24    6.3 24   11.1   16.9    0.00I 999.9  000000 	
720261 53976  20060201_7  71.60     41.2 24  9999.9  0   978.0 13   10.0 24    6.3 24   11.1   16.9    0.00I 999.9  000000 	
720261 53976  20060201_8  65.39     41.2 24  9999.9  0   978.0 13   10.0 24    6.3 24   11.1   16.9    0.00I 999.9  000000 	
720261 53976  20060201_9  54.99     41.2 24  9999.9  0   978.0 13   10.0 24    6.3 24   11.1   16.9    0.00I 999.9  000000 	
720261 53976  20060201_10  69.46     41.2 24  9999.9  0   978.0 13   10.0 24    6.3 24   11.1   16.9    0.00I 999.9  000000 	
720261 53976  20060201_11  67.40     41.2 24  9999.9  0   978.0 13   10.0 24    6.3 24   11.1   16.9    0.00I 999.9  000000 	
720261 53976  20060201_12  66.32     41.2 24  9999.9  0   978.0 13   10.0 24    6.3 24   11.1   16.9    0.00I 999.9  000000 	
720261 53976  20060201_13  64.13     41.2 24  9999.9  0   978.0 13   10.0 24    6.3 24   11.1   16.9    0.00I 999.9  000000 	
720261 53976  20060201_14  49.32     41.2 24  9999.9  0   978.0 13   10.0 24    6.3 24   11.1   16.9    0.00I 999.9  000000 	
720261 53976  20060201_15  51.14     41.2 24  9999.9  0   978.0 13   10.0 24    6.3 24   11.1   16.9    0.00I 999.9  000000 	
720261 53976  20060201_16  53.96     41.2 24  9999.9  0   978.0 13   10.0 24    6.3 24   11.1   16.9    0.00I 999.9  000000 	
720261 53976  20060201_17  54.53     41.2 24  9999.9  0   978.0 13   10.0 24    6.3 24   11.1   16.9    0.00I 999.9  000000 	
720261 53976  20060201_18  58.59     41.2 24  9999.9  0   978.0 13   10.0 24    6.3 24   11.1   16.9    0.00I 999.9  000000 	
720261 53976  20060201_19  66.28     41.2 24  9999.9  0   978.0 13   10.0 24    6.3 24   11.1   16.9    0.00I 999.9  000000 	
720261 53976  20060201_20  58.65     41.2 24  9999.9  0   978.0 13   10.0 24    6.3 24   11.1   16.9    0.00I 999.9  000000 	
720261 53976  20060201_21  61.31     41.2 24  9999.9  0   978.0 13   10.0 24    6.3 24   11.1   16.9    0.00I 999.9  000000 	
720261 53976  20060201_22  63.31     41.2 24  9999.9  0   978.0 13   10.0 24    6.3 24   11.1   16.9    0.00I 999.9  000000 	
720261 53976  20060201_23  66.04     41.2 24  9999.9  0   978.0 13   10.0 24    6.3 24   11.1   16.9    0.00I 999.9  000000 	
720261 53976  20060202_0  54.05     40.2 24  9999.9  0   972.8  9   10.0 24    3.4 24    9.9  999.9    0.00I 999.9  000000 	
720261 53976  20060202_1  44.21     40.2 24  9999.9  0   972.8  9   10.0 24    3.4 24    9.9  999.9    0.00I 999.9  000000 	
720261 53976  20060202_2  69.31     40.2 24  9999.9  0   972.8  9   10.0 24    3.4 24    9.9  999.9    0.00I 999.9  000000 	
720261 53976  20060202_3  40.96     40.2 24  9999.9  0   972.8  9   10.0 24    3.4 24    9.9  999.9    0.00I 999.9  000000 	
720261 53976  20060202_4  66.28     40.2 24  9999.9  0   972.8  9   10.0 24    3.4 24    9.9  999.9    0.00I 999.9  000000 	
720261 53976  20060202_5  58.88     40.2 24  9999.9  0   972.8  9   10.0 24    3.4 24    9.9  999.9    0.00I 999.9  000000 	
720261 53976  20060202_6  51.50     40.2 24  9999.9  0   972.8  9   10.0 24    3.4 24    9.9  999.9    0.00I 999.9  000000 	
720261 53976  20060202_7  55.15     40.2 24  9999.9  0   972.8  9   10.0 24    3.4 24    9.9  999.9    0.00I 999.9  000000 	
720261 53976  20060202_8  47.44     40.2 24  9999.9  0   972.8  9   10.0 24    3.4 24    9.9  999.9    0.00I 999.9  000000 	
720261 53976  20060202_9  50.03     40.2 24  9999.9  0   972.8  9   10.0 24    3.4 24    9.9  999.9    0.00I 999.9  000000 	
720261 53976  20060202_10  55.14     40.2 24  9999.9  0   972.8  9   10.0 24    3.4 24    9.9  999.9    0.00I 999.9  000000 	
720261 53976  20060202_11  39.79     40.2 24  9999.9  0   972.8  9   10.0 24    3.4 24    9.9  999.9    0.00I 999.9  000000 	
720261 53976  20060202_12  56.32     40.2 24  9999.9  0   972.8  9   10.0 24    3.4 24    9.9  999.9    0.00I 999.9  000000 	
720261 53976  20060202_13  44.28     40.2 24  9999.9  0   972.8  9   10.0 24    3.4 24    9.9  999.9    0.00I 999.9  000000 	
720261 53976  20060202_14  45.04     40.2 24  9999.9  0   972.8  9   10.0 24    3.4 24    9.9  999.9    0.00I 999.9  000000 	
720261 53976  20060202_15  62.88     40.2 24  9999.9  0   972.8  9   10.0 24    3.4 24    9.9  999.9    0.00I 999.9  000000 	
720261 53976  20060202_16  46.05     40.2 24  9999.9  0   972.8  9   10.0 24    3.4 24    9.9  999.9    0.00I 999.9  000000 	
720261 53976  20060202_17  51.83     40.2 24  9999.9  0   972.8  9   10.0 24    3.4 24    9.9  999.9    0.00I 999.9  000000 	
720261 53976  20060202_18  53.29     40.2 24  9999.9  0   972.8  9   10.0 24    3.4 24    9.9  999.9    0.00I 999.9  000000 	
720261 53976  20060202_19  47.17     40.2 24  9999.9  0   972.8  9   10.0 24    3.4 24    9.9  999.9    0.00I 999.9  000000 	
720261 53976  20060202_20  58.57     40.2 24  9999.9  0   972.8  9   10.0 24    3.4 24    9.9  999.9    0.00I 999.9  000000 	
720261 53976  20060202_21  57.01     40.2 24  9999.9  0   972.8  9   10.0 24    3.4 24    9.9  999.9    0.00I 999.9  000000 	
720261 53976  20060202_22  54.49     40.2 24  9999.9  0   972.8  9   10.0 24    3.4 24    9.9  999.9    0.00I 999.9  000000 	
720261 53976  20060202_23  48.16     40.2 24  9999.9  0   972.8  9   10.0 24    3.4 24    9.9  999.9    0.00I 999.9  000000 	
720269 12982  20060201_0  62.70     58.5 24  9999.9  0  1004.7 15    7.1 24    6.4 24   13.0   17.1    0.00I 999.9  000000 	
720269 12982  20060201_1  74.49     58.5 24  9999.9  0  1004.7 15    7.1 24    6.4 24   13.0   17.1    0.00I 999.9  000000 	
720269 12982  20060201_2  78.72     58.5 24  9999.9  0  1004.7 15    7.1 24    6.4 24   13.0   17.1    0.00I 999.9  000000 	
720269 12982  20060201_3  77.31     58.5 24  9999.9  0  1004.7 15    7.1 24    6.4 24   13.0   17.1    0.00I 999.9  000000 	
720269 12982  20060201_4  64.46     58.5 24  9999.9  0  1004.7 15    7.1 24    6.4 24   13.0   17.1    0.00I 999.9  000000 	
720269 12982  20060201_5  65.96     58.5 24  9999.9  0  1004.7 15    7.1 24    6.4 24   13.0   17.1    0.00I 999.9  000000 	
720269 12982  20060201_6  68.77     58.5 24  9999.9  0  1004.7 15    7.1 24    6.4 24   13.0   17.1    0.00I 999.9  000000 	
720269 12982  20060201_7  56.97     58.5 24  9999.9  0  1004.7 15    7.1 24    6.4 24   13.0   17.1    0.00I 999.9  000000 	
720269 12982  20060201_8  64.26     58.5 24  9999.9  0  1004.7 15    7.1 24    6.4 24   13.0   17.1    0.00I 999.9  000000 	
720269 12982  20060201_9  64.85     58.5 24  9999.9  0  1004.7 15    7.1 24    6.4 24   13.0   17.1    0.00I 999.9  000000 	
720269 12982  20060201_10  63.46     58.5 24  9999.9  0  1004.7 15    7.1 24    6.4 24   13.0   17.1    0.00I 999.9  000000 	
720269 12982  20060201_11  56.35     58.5 24  9999.9  0  1004.7 15    7.1 24    6.4 24   13.0   17.1    0.00I 999.9  000000 	
720269 12982  20060201_12  62.66     58.5 24  9999.9  0  1004.7 15    7.1 24    6.4 24   13.0   17.1    0.00I 999.9  000000 	
720269 12982  20060201_13  69.95     58.5 24  9999.9  0  1004.7 15    7.1 24    6.4 24   13.0   17.1    0.00I 999.9  000000 	
720269 12982  20060201_14  64.43     58.5 24  9999.9  0  1004.7 15    7.1 24    6.4 24   13.0   17.1    0.00I 999.9  000000 	
720269 12982  20060201_15  74.85     58.5 24  9999.9  0  1004.7 15    7.1 24    6.4 24   13.0   17.1    0.00I 999.9  000000 	
720269 12982  20060201_16  68.36     58.5 24  9999.9  0  1004.7 15    7.1 24    6.4 24   13.0   17.1    0.00I 999.9  000000 	
720269 12982  20060201_17  67.50     58.5 24  9999.9  0  1004.7 15    7.1 24    6.4 24   13.0   17.1    0.00I 999.9  000000 	
720269 12982  20060201_18  69.40     58.5 24  9999.9  0  1004.7 15    7.1 24    6.4 24   13.0   17.1    0.00I 999.9  000000 	
720269 12982  20060201_19  64.93     58.5 24  9999.9  0  1004.7 15    7.1 24    6.4 24   13.0   17.1    0.00I 999.9  000000 	
720269 12982  20060201_20  59.61     58.5 24  9999.9  0  1004.7 15    7.1 24    6.4 24   13.0   17.1    0.00I 999.9  000000 	
720269 12982  20060201_21  58.44     58.5 24  9999.9  0  1004.7 15    7.1 24    6.4 24   13.0   17.1    0.00I 999.9  000000 	
720269 12982  20060201_22  74.07     58.5 24  9999.9  0  1004.7 15    7.1 24    6.4 24   13.0   17.1    0.00I 999.9  000000 	
720269 12982  20060201_23  60.48     58.5 24  9999.9  0  1004.7 15    7.1 24    6.4 24   13.0   17.1    0.00I 999.9  000000 	
720269 12982  20060202_0  58.16     39.7 24  9999.9  0  1001.0  8   10.0 24    5.9 24   15.0   23.9    0.00I 999.9  000000 	
720269 12982  20060202_1  49.25     39.7 24  9999.9  0  1001.0  8   10.0 24    5.9 24   15.0   23.9    0.00I 999.9  000000 	
720269 12982  20060202_2  44.54     39.7 24  9999.9  0  1001.0  8   10.0 24    5.9 24   15.0   23.9    0.00I 999.9  000000 	
720269 12982  20060202_3  49.97     39.7 24  9999.9  0  1001.0  8   10.0 24    5.9 24   15.0   23.9    0.00I 999.9  000000 	
720269 12982  20060202_4  71.22     39.7 24  9999.9  0  1001.0  8   10.0 24    5.9 24   15.0   23.9    0.00I 999.9  000000 	
720269 12982  20060202_5  72.92     39.7 24  9999.9  0  1001.0  8   10.0 24    5.9 24   15.0   23.9    0.00I 999.9  000000 	
720269 12982  20060202_6  65.19     39.7 24  9999.9  0  1001.0  8   10.0 24    5.9 24   15.0   23.9    0.00I 999.9  000000 	
720269 12982  20060202_7  73.59     39.7 24  9999.9  0  1001.0  8   10.0 24    5.9 24   15.0   23.9    0.00I 999.9  000000 	
720269 12982  20060202_8  54.75     39.7 24  9999.9  0  1001.0  8   10.0 24    5.9 24   15.0   23.9    0.00I 999.9  000000 	
720269 12982  20060202_9  58.89     39.7 24  9999.9  0  1001.0  8   10.0 24    5.9 24   15.0   23.9    0.00I 999.9  000000 	
720269 12982  20060202_10  45.86     39.7 24  9999.9  0  1001.0  8   10.0 24    5.9 24   15.0   23.9    0.00I 999.9  000000 	
720269 12982  20060202_11  77.18     39.7 24  9999.9  0  1001.0  8   10.0 24    5.9 24   15.0   23.9    0.00I 999.9  000000 	
720269 12982  20060202_12  43.69     39.7 24  9999.9  0  1001.0  8   10.0 24    5.9 24   15.0   23.9    0.00I 999.9  000000 	
720269 12982  20060202_13  46.46     39.7 24  9999.9  0  1001.0  8   10.0 24    5.9 24   15.0   23.9    0.00I 999.9  000000 	
720269 12982  20060202_14  45.20     39.7 24  9999.9  0  1001.0  8   10.0 24    5.9 24   15.0   23.9    0.00I 999.9  000000 	
720269 12982  20060202_15  81.27     39.7 24  9999.9  0  1001.0  8   10.0 24    5.9 24   15.0   23.9    0.00I 999.9  000000 	
720269 12982  20060202_16  63.49     39.7 24  9999.9  0  1001.0  8   10.0 24    5.9 24   15.0   23.9    0.00I 999.9  000000 	
720269 12982  20060202_17  61.01     39.7 24  9999.9  0  1001.0  8   10.0 24    5.9 24   15.0   23.9    0.00I 999.9  000000 	
720269 12982  20060202_18  47.39     39.7 24  9999.9  0  1001.0  8   10.0 24    5.9 24   15.0   23.9    0.00I 999.9  000000 	
720269 12982  20060202_19  83.87     39.7 24  9999.9  0  1001.0  8   10.0 24    5.9 24   15.0   23.9    0.00I 999.9  000000 	
720269 12982  20060202_20  79.82     39.7 24  9999.9  0  1001.0  8   10.0 24    5.9 24   15.0   23.9    0.00I 999.9  000000 	
720269 12982  20060202_21  62.34     39.7 24  9999.9  0  1001.0  8   10.0 24    5.9 24   15.0   23.9    0.00I 999.9  000000 	
720269 12982  20060202_22  72.57     39.7 24  9999.9  0  1001.0  8   10.0 24    5.9 24   15.0   23.9    0.00I 999.9  000000 	
720269 12982  20060202_23  59.66     39.7 24  9999.9  0  1001.0  8   10.0 24    5.9 24   15.0   23.9    0.00I 999.9  000000 	
720271 03044  20060201_0  63.79     32.8 24  9999.9  0   918.8 19   10.0 24    8.7 24   16.9   24.1    0.00I 999.9  000000 	
720271 03044  20060201_1  54.63     32.8 24  9999.9  0   918.8 19   10.0 24    8.7 24   16.9   24.1    0.00I 999.9  000000 	
720271 03044  20060201_2  58.96     32.8 24  9999.9  0   918.8 19   10.0 24    8.7 24   16.9   24.1    0.00I 999.9  000000 	
720271 03044  20060201_3  44.82     32.8 24  9999.9  0   918.8 19   10.0 24    8.7 24   16.9   24.1    0.00I 999.9  000000 	
720271 03044  20060201_4  52.56     32.8 24  9999.9  0   918.8 19   10.0 24    8.7 24   16.9   24.1    0.00I 999.9  000000 	
720271 03044  20060201_5  69.67     32.8 24  9999.9  0   918.8 19   10.0 24    8.7 24   16.9   24.1    0.00I 999.9  000000 	
720271 03044  20060201_6  68.51     32.8 24  9999.9  0   918.8 19   10.0 24    8.7 24   16.9   24.1    0.00I 999.9  000000 	
720271 03044  20060201_7  50.58     32.8 24  9999.9  0   918.8 19   10.0 24    8.7 24   16.9   24.1    0.00I 999.9  000000 	
720271 03044  20060201_8  60.24     32.8 24  9999.9  0   918.8 19   10.0 24    8.7 24   16.9   24.1    0.00I 999.9  000000 	
720271 03044  20060201_9  44.84     32.8 24  9999.9  0   918.8 19   10.0 24    8.7 24   16.9   24.1    0.00I 999.9  000000 	
720271 03044  20060201_10  51.57     32.8 24  9999.9  0   918.8 19   10.0 24    8.7 24   16.9   24.1    0.00I 999.9  000000 	
720271 03044  20060201_11  41.82     32.8 24  9999.9  0   918.8 19   10.0 24    8.7 24   16.9   24.1    0.00I 999.9  000000 	
720271 03044  20060201_12  61.73     32.8 24  9999.9  0   918.8 19   10.0 24    8.7 24   16.9   24.1    0.00I 999.9  000000 	
720271 03044  20060201_13  50.60     32.8 24  9999.9  0   918.8 19   10.0 24    8.7 24   16.9   24.1    0.00I 999.9  000000 	
720271 03044  20060201_14  54.61     32.8 24  9999.9  0   918.8 19   10.0 24    8.7 24   16.9   24.1    0.00I 999.9  000000 	
720271 03044  20060201_15  61.32     32.8 24  9999.9  0   918.8 19   10.0 24    8.7 24   16.9   24.1    0.00I 999.9  000000 	
720271 03044  20060201_16  64.54     32.8 24  9999.9  0   918.8 19   10.0 24    8.7 24   16.9   24.1    0.00I 999.9  000000 	
720271 03044  20060201_17  42.51     32.8 24  9999.9  0   918.8 19   10.0 24    8.7 24   16.9   24.1    0.00I 999.9  000000 	
720271 03044  20060201_18  52.13     32.8 24  9999.9  0   918.8 19   10.0 24    8.7 24   16.9   24.1    0.00I 999.9  000000 	
720271 03044  20060201_19  46.29     32.8 24  9999.9  0   918.8 19   10.0 24    8.7 24   16.9   24.1    0.00I 999.9  000000 	
720271 03044  20060201_20  46.80     32.8 24  9999.9  0   918.8 19   10.0 24    8.7 24   16.9   24.1    0.00I 999.9  000000 	
720271 03044  20060201_21  62.83     32.8 24  9999.9  0   918.8 19   10.0 24    8.7 24   16.9   24.1    0.00I 999.9  000000 	
720271 03044  20060201_22  62.29     32.8 24  9999.9  0   918.8 19   10.0 24    8.7 24   16.9   24.1    0.00I 999.9  000000 	
720271 03044  20060201_23  41.13     32.8 24  9999.9  0   918.8 19   10.0 24    8.7 24   16.9   24.1    0.00I 999.9  000000 	
720271 03044  20060202_0  66.90     27.9 24  9999.9  0   916.3 17   10.0 24    8.3 24   15.0   21.0    0.00I 999.9  000000 	
720271 03044  20060202_1  58.06     27.9 24  9999.9  0   916.3 17   10.0 24    8.3 24   15.0   21.0    0.00I 999.9  000000 	
720271 03044  20060202_2  49.97     27.9 24  9999.9  0   916.3 17   10.0 24    8.3 24   15.0   21.0    0.00I 999.9  000000 	
720271 03044  20060202_3  62.94     27.9 24  9999.9  0   916.3 17   10.0 24    8.3 24   15.0   21.0    0.00I 999.9  000000 	
720271 03044  20060202_4  51.18     27.9 24  9999.9  0   916.3 17   10.0 24    8.3 24   15.0   21.0    0.00I 999.9  000000 	
720271 03044  20060202_5  44.28     27.9 24  9999.9  0   916.3 17   10.0 24    8.3 24   15.0   21.0    0.00I 999.9  000000 	
720271 03044  20060202_6  57.44     27.9 24  9999.9  0   916.3 17   10.0 24    8.3 24   15.0   21.0    0.00I 999.9  000000 	
720271 03044  20060202_7  51.42     27.9 24  9999.9  0   916.3 17   10.0 24    8.3 24   15.0   21.0    0.00I 999.9  000000 	
720271 03044  20060202_8  56.84     27.9 24  9999.9  0   916.3 17   10.0 24    8.3 24   15.0   21.0    0.00I 999.9  000000 	
720271 03044  20060202_9  47.10     27.9 24  9999.9  0   916.3 17   10.0 24    8.3 24   15.0   21.0    0.00I 999.9  000000 	
720271 03044  20060202_10  63.23     27.9 24  9999.9  0   916.3 17   10.0 24    8.3 24   15.0   21.0    0.00I 999.9  000000 	
720271 03044  20060202_11  57.80     27.9 24  9999.9  0   916.3 17   10.0 24    8.3 24   15.0   21.0    0.00I 999.9  000000 	
720271 03044  20060202_12  55.78     27.9 24  9999.9  0   916.3 17   10.0 24    8.3 24   15.0   21.0    0.00I 999.9  000000 	
720271 03044  20060202_13  59.32     27.9 24  9999.9  0   916.3 17   10.0 24    8.3 24   15.0   21.0    0.00I 999.9  000000 	
720271 03044  20060202_14  57.23     27.9 24  9999.9  0   916.3 17   10.0 24    8.3 24   15.0   21.0    0.00I 999.9  000000 	
720271 03044  20060202_15  65.83     27.9 24  9999.9  0   916.3 17   10.0 24    8.3 24   15.0   21.0    0.00I 999.9  000000 	
720271 03044  20060202_16  60.36     27.9 24  9999.9  0   916.3 17   10.0 24    8.3 24   15.0   21.0    0.00I 999.9  000000 	
720271 03044  20060202_17  57.56     27.9 24  9999.9  0   916.3 17   10.0 24    8.3 24   15.0   21.0    0.00I 999.9  000000 	
720271 03044  20060202_18  48.08     27.9 24  9999.9  0   916.3 17   10.0 24    8.3 24   15.0   21.0    0.00I 999.9  000000 	
720271 03044  20060202_19  67.17     27.9 24  9999.9  0   916.3 17   10.0 24    8.3 24   15.0   21.0    0.00I 999.9  000000 	
720271 03044  20060202_20  58.28     27.9 24  9999.9  0   916.3 17   10.0 24    8.3 24   15.0   21.0    0.00I 999.9  000000 	
720271 03044  20060202_21  51.68     27.9 24  9999.9  0   916.3 17   10.0 24    8.3 24   15.0   21.0    0.00I 999.9  000000 	
720271 03044  20060202_22  67.22     27.9 24  9999.9  0   916.3 17   10.0 24    8.3 24   15.0   21.0    0.00I 999.9  000000 	
720271 03044  20060202_23  59.51     27.9 24  9999.9  0   916.3 17   10.0 24    8.3 24   15.0   21.0    0.00I 999.9  000000 	
720273 12981  20060201_0  65.06     57.4 24  9999.9  0  1010.4 13    8.0 24    7.4 24   15.0   22.0   99.99  999.9  010000 	
720273 12981  20060201_1  65.59     57.4 24  9999.9  0  1010.4 13    8.0 24    7.4 24   15.0   22.0   99.99  999.9  010000 	
720273 12981  20060201_2  52.64     57.4 24  9999.9  0  1010.4 13    8.0 24    7.4 24   15.0   22.0   99.99  999.9  010000 	
720273 12981  20060201_3  71.71     57.4 24  9999.9  0  1010.4 13    8.0 24    7.4 24   15.0   22.0   99.99  999.9  010000 	
720273 12981  20060201_4  59.34     57.4 24  9999.9  0  1010.4 13    8.0 24    7.4 24   15.0   22.0   99.99  999.9  010000 	
720273 12981  20060201_5  61.13     57.4 24  9999.9  0  1010.4 13    8.0 24    7.4 24   15.0   22.0   99.99  999.9  010000 	
720273 12981  20060201_6  64.72     57.4 24  9999.9  0  1010.4 13    8.0 24    7.4 24   15.0   22.0   99.99  999.9  010000 	
720273 12981  20060201_7  53.57     57.4 24  9999.9  0  1010.4 13    8.0 24    7.4 24   15.0   22.0   99.99  999.9  010000 	
720273 12981  20060201_8  59.63     57.4 24  9999.9  0  1010.4 13    8.0 24    7.4 24   15.0   22.0   99.99  999.9  010000 	
720273 12981  20060201_9  63.76     57.4 24  9999.9  0  1010.4 13    8.0 24    7.4 24   15.0   22.0   99.99  999.9  010000 	
720273 12981  20060201_10  61.12     57.4 24  9999.9  0  1010.4 13    8.0 24    7.4 24   15.0   22.0   99.99  999.9  010000 	
720273 12981  20060201_11  55.86     57.4 24  9999.9  0  1010.4 13    8.0 24    7.4 24   15.0   22.0   99.99  999.9  010000 	
720273 12981  20060201_12  56.75     57.4 24  9999.9  0  1010.4 13    8.0 24    7.4 24   15.0   22.0   99.99  999.9  010000 	
720273 12981  20060201_13  71.40     57.4 24  9999.9  0  1010.4 13    8.0 24    7.4 24   15.0   22.0   99.99  999.9  010000 	
720273 12981  20060201_14  71.65     57.4 24  9999.9  0  1010.4 13    8.0 24    7.4 24   15.0   22.0   99.99  999.9  010000 	
720273 12981  20060201_15  60.05     57.4 24  9999.9  0  1010.4 13    8.0 24    7.4 24   15.0   22.0   99.99  999.9  010000 	
720273 12981  20060201_16  64.33     57.4 24  9999.9  0  1010.4 13    8.0 24    7.4 24   15.0   22.0   99.99  999.9  010000 	
720273 12981  20060201_17  63.16     57.4 24  9999.9  0  1010.4 13    8.0 24    7.4 24   15.0   22.0   99.99  999.9  010000 	
720273 12981  20060201_18  64.80     57.4 24  9999.9  0  1010.4 13    8.0 24    7.4 24   15.0   22.0   99.99  999.9  010000 	
720273 12981  20060201_19  66.00     57.4 24  9999.9  0  1010.4 13    8.0 24    7.4 24   15.0   22.0   99.99  999.9  010000 	
720273 12981  20060201_20  53.13     57.4 24  9999.9  0  1010.4 13    8.0 24    7.4 24   15.0   22.0   99.99  999.9  010000 	
720273 12981  20060201_21  73.12     57.4 24  9999.9  0  1010.4 13    8.0 24    7.4 24   15.0   22.0   99.99  999.9  010000 	
720273 12981  20060201_22  52.19     57.4 24  9999.9  0  1010.4 13    8.0 24    7.4 24   15.0   22.0   99.99  999.9  010000 	
720273 12981  20060201_23  61.30     57.4 24  9999.9  0  1010.4 13    8.0 24    7.4 24   15.0   22.0   99.99  999.9  010000 	
720273 12981  20060202_0  61.46     51.6 24  9999.9  0  1001.2  6    6.4 24    9.6 24   20.0   26.0    0.00I 999.9  100000 	
720273 12981  20060202_1  67.80     51.6 24  9999.9  0  1001.2  6    6.4 24    9.6 24   20.0   26.0    0.00I 999.9  100000 	
720273 12981  20060202_2  60.90     51.6 24  9999.9  0  1001.2  6    6.4 24    9.6 24   20.0   26.0    0.00I 999.9  100000 	
720273 12981  20060202_3  55.51     51.6 24  9999.9  0  1001.2  6    6.4 24    9.6 24   20.0   26.0    0.00I 999.9  100000 	
720273 12981  20060202_4  53.55     51.6 24  9999.9  0  1001.2  6    6.4 24    9.6 24   20.0   26.0    0.00I 999.9  100000 	
720273 12981  20060202_5  74.80     51.6 24  9999.9  0  1001.2  6    6.4 24    9.6 24   20.0   26.0    0.00I 999.9  100000 	
720273 12981  20060202_6  55.29     51.6 24  9999.9  0  1001.2  6    6.4 24    9.6 24   20.0   26.0    0.00I 999.9  100000 	
720273 12981  20060202_7  56.62     51.6 24  9999.9  0  1001.2  6    6.4 24    9.6 24   20.0   26.0    0.00I 999.9  100000 	
720273 12981  20060202_8  62.65     51.6 24  9999.9  0  1001.2  6    6.4 24    9.6 24   20.0   26.0    0.00I 999.9  100000 	
720273 12981  20060202_9  78.76     51.6 24  9999.9  0  1001.2  6    6.4 24    9.6 24   20.0   26.0    0.00I 999.9  100000 	
720273 12981  20060202_10  58.88     51.6 24  9999.9  0  1001.2  6    6.4 24    9.6 24   20.0   26.0    0.00I 999.9  100000 	
720273 12981  20060202_11  82.25     51.6 24  9999.9  0  1001.2  6    6.4 24    9.6 24   20.0   26.0    0.00I 999.9  100000 	
720273 12981  20060202_12  72.93     51.6 24  9999.9  0  1001.2  6    6.4 24    9.6 24   20.0   26.0    0.00I 999.9  100000 	
720273 12981  20060202_13  77.22     51.6 24  9999.9  0  1001.2  6    6.4 24    9.6 24   20.0   26.0    0.00I 999.9  100000 	
720273 12981  20060202_14  64.04     51.6 24  9999.9  0  1001.2  6    6.4 24    9.6 24   20.0   26.0    0.00I 999.9  100000 	
720273 12981  20060202_15  78.40     51.6 24  9999.9  0  1001.2  6    6.4 24    9.6 24   20.0   26.0    0.00I 999.9  100000 	
720273 12981  20060202_16  59.17     51.6 24  9999.9  0  1001.2  6    6.4 24    9.6 24   20.0   26.0    0.00I 999.9  100000 	
720273 12981  20060202_17  81.54     51.6 24  9999.9  0  1001.2  6    6.4 24    9.6 24   20.0   26.0    0.00I 999.9  100000 	
720273 12981  20060202_18  77.02     51.6 24  9999.9  0  1001.2  6    6.4 24    9.6 24   20.0   26.0    0.00I 999.9  100000 	
720273 12981  20060202_19  66.39     51.6 24  9999.9  0  1001.2  6    6.4 24    9.6 24   20.0   26.0    0.00I 999.9  100000 	
720273 12981  20060202_20  54.05     51.6 24  9999.9  0  1001.2  6    6.4 24    9.6 24   20.0   26.0    0.00I 999.9  100000 	
720273 12981  20060202_21  54.06     51.6 24  9999.9  0  1001.2  6    6.4 24    9.6 24   20.0   26.0    0.00I 999.9  100000 	
720273 12981  20060202_22  74.87     51.6 24  9999.9  0  1001.2  6    6.4 24    9.6 24   20.0   26.0    0.00I 999.9  100000 	
720273 12981  20060202_23  71.25     51.6 24  9999.9  0  1001.2  6    6.4 24    9.6 24   20.0   26.0    0.00I 999.9  100000 	
720276 12983  20060201_0  71.39     61.9 24  9999.9  0  1006.4 12    8.1 24    8.4 24   15.0   20.0    0.00I 999.9  000000 	
720276 12983  20060201_1  73.31     61.9 24  9999.9  0  1006.4 12    8.1 24    8.4 24   15.0   20.0    0.00I 999.9  000000 	
720276 12983  20060201_2  78.47     61.9 24  9999.9  0  1006.4 12    8.1 24    8.4 24   15.0   20.0    0.00I 999.9  000000 	
720276 12983  20060201_3  64.51     61.9 24  9999.9  0  1006.4 12    8.1 24    8.4 24   15.0   20.0    0.00I 999.9  000000 	
720276 12983  20060201_4  75.32     61.9 24  9999.9  0  1006.4 12    8.1 24    8.4 24   15.0   20.0    0.00I 999.9  000000 	
720276 12983  20060201_5  62.45     61.9 24  9999.9  0  1006.4 12    8.1 24    8.4 24   15.0   20.0    0.00I 999.9  000000 	
720276 12983  20060201_6  62.82     61.9 24  9999.9  0  1006.4 12    8.1 24    8.4 24   15.0   20.0    0.00I 999.9  000000 	
720276 12983  20060201_7  73.12     61.9 24  9999.9  0  1006.4 12    8.1 24    8.4 24   15.0   20.0    0.00I 999.9  000000 	
720276 12983  20060201_8  72.53     61.9 24  9999.9  0  1006.4 12    8.1 24    8.4 24   15.0   20.0    0.00I 999.9  000000 	
720276 12983  20060201_9  78.51     61.9 24  9999.9  0  1006.4 12    8.1 24    8.4 24   15.0   20.0    0.00I 999.9  000000 	
720276 12983  20060201_10  61.89     61.9 24  9999.9  0  1006.4 12    8.1 24    8.4 24   15.0   20.0    0.00I 999.9  000000 	
720276 12983  20060201_11  79.06     61.9 24  9999.9  0  1006.4 12    8.1 24    8.4 24   15.0   20.0    0.00I 999.9  000000 	
720276 12983  20060201_12  62.85     61.9 24  9999.9  0  1006.4 12    8.1 24    8.4 24   15.0   20.0    0.00I 999.9  000000 	
720276 12983  20060201_13  61.81     61.9 24  9999.9  0  1006.4 12    8.1 24    8.4 24   15.0   20.0    0.00I 999.9  000000 	
720276 12983  20060201_14  61.79     61.9 24  9999.9  0  1006.4 12    8.1 24    8.4 24   15.0   20.0    0.00I 999.9  000000 	
720276 12983  20060201_15  80.57     61.9 24  9999.9  0  1006.4 12    8.1 24    8.4 24   15.0   20.0    0.00I 999.9  000000 	
720276 12983  20060201_16  62.36     61.9 24  9999.9  0  1006.4 12    8.1 24    8.4 24   15.0   20.0    0.00I 999.9  000000 	
720276 12983  20060201_17  74.40     61.9 24  9999.9  0  1006.4 12    8.1 24    8.4 24   15.0   20.0    0.00I 999.9  000000 	
720276 12983  20060201_18  74.00     61.9 24  9999.9  0  1006.4 12    8.1 24    8.4 24   15.0   20.0    0.00I 999.9  000000 	
720276 12983  20060201_19  61.56     61.9 24  9999.9  0  1006.4 12    8.1 24    8.4 24   15.0   20.0    0.00I 999.9  000000 	
720276 12983  20060201_20  63.20     61.9 24  9999.9  0  1006.4 12    8.1 24    8.4 24   15.0   20.0    0.00I 999.9  000000 	
720276 12983  20060201_21  65.36     61.9 24  9999.9  0  1006.4 12    8.1 24    8.4 24   15.0   20.0    0.00I 999.9  000000 	
720276 12983  20060201_22  70.25     61.9 24  9999.9  0  1006.4 12    8.1 24    8.4 24   15.0   20.0    0.00I 999.9  000000 	
720276 12983  20060201_23  69.47     61.9 24  9999.9  0  1006.4 12    8.1 24    8.4 24   15.0   20.0    0.00I 999.9  000000 	
720276 12983  20060202_0  88.92     49.3 24  9999.9  0  1002.5  9    9.6 24    5.6 24   16.9   22.0    0.00I 999.9  000000 	
720276 12983  20060202_1  67.76     49.3 24  9999.9  0  1002.5  9    9.6 24    5.6 24   16.9   22.0    0.00I 999.9  000000 	
720276 12983  20060202_2  62.33     49.3 24  9999.9  0  1002.5  9    9.6 24    5.6 24   16.9   22.0    0.00I 999.9  000000 	
720276 12983  20060202_3  76.59     49.3 24  9999.9  0  1002.5  9    9.6 24    5.6 24   16.9   22.0    0.00I 999.9  000000 	
720276 12983  20060202_4  82.57     49.3 24  9999.9  0  1002.5  9    9.6 24    5.6 24   16.9   22.0    0.00I 999.9  000000 	
720276 12983  20060202_5  81.52     49.3 24  9999.9  0  1002.5  9    9.6 24    5.6 24   16.9   22.0    0.00I 999.9  000000 	
720276 12983  20060202_6  63.97     49.3 24  9999.9  0  1002.5  9    9.6 24    5.6 24   16.9   22.0    0.00I 999.9  000000 	
720276 12983  20060202_7  77.91     49.3 24  9999.9  0  1002.5  9    9.6 24    5.6 24   16.9   22.0    0.00I 999.9  000000 	
720276 12983  20060202_8  88.17     49.3 24  9999.9  0  1002.5  9    9.6 24    5.6 24   16.9   22.0    0.00I 999.9  000000 	
720276 12983  20060202_9  84.00     49.3 24  9999.9  0  1002.5  9    9.6 24    5.6 24   16.9   22.0    0.00I 999.9  000000 	
720276 12983  20060202_10  64.44     49.3 24  9999.9  0  1002.5  9    9.6 24    5.6 24   16.9   22.0    0.00I 999.9  000000 	
720276 12983  20060202_11  86.78     49.3 24  9999.9  0  1002.5  9    9.6 24    5.6 24   16.9   22.0    0.00I 999.9  000000 	
720276 12983  20060202_12  76.73     49.3 24  9999.9  0  1002.5  9    9.6 24    5.6 24   16.9   22.0    0.00I 999.9  000000 	
720276 12983  20060202_13  89.95     49.3 24  9999.9  0  1002.5  9    9.6 24    5.6 24   16.9   22.0    0.00I 999.9  000000 	
720276 12983  20060202_14  73.10     49.3 24  9999.9  0  1002.5  9    9.6 24    5.6 24   16.9   22.0    0.00I 999.9  000000 	
720276 12983  20060202_15  67.33     49.3 24  9999.9  0  1002.5  9    9.6 24    5.6 24   16.9   22.0    0.00I 999.9  000000 	
720276 12983  20060202_16  65.87     49.3 24  9999.9  0  1002.5  9    9.6 24    5.6 24   16.9   22.0    0.00I 999.9  000000 	
720276 12983  20060202_17  86.82     49.3 24  9999.9  0  1002.5  9    9.6 24    5.6 24   16.9   22.0    0.00I 999.9  000000 	
720276 12983  20060202_18  79.27     49.3 24  9999.9  0  1002.5  9    9.6 24    5.6 24   16.9   22.0    0.00I 999.9  000000 	
720276 12983  20060202_19  85.05     49.3 24  9999.9  0  1002.5  9    9.6 24    5.6 24   16.9   22.0    0.00I 999.9  000000 	
720276 12983  20060202_20  80.31     49.3 24  9999.9  0  1002.5  9    9.6 24    5.6 24   16.9   22.0    0.00I 999.9  000000 	
720276 12983  20060202_21  84.58     49.3 24  9999.9  0  1002.5  9    9.6 24    5.6 24   16.9   22.0    0.00I 999.9  000000 	
720276 12983  20060202_22  50.86     49.3 24  9999.9  0  1002.5  9    9.6 24    5.6 24   16.9   22.0    0.00I 999.9  000000 	
720276 12983  20060202_23  85.88     49.3 24  9999.9  0  1002.5  9    9.6 24    5.6 24   16.9   22.0    0.00I 999.9  000000 	
720281 53969  20060201_0  47.50     30.2 24  9999.9  0   961.5 15   10.0 24    8.9 24   16.9   22.0    0.00I 999.9  000000 	
720281 53969  20060201_1  64.07     30.2 24  9999.9  0   961.5 15   10.0 24    8.9 24   16.9   22.0    0.00I 999.9  000000 	
720281 53969  20060201_2  46.64     30.2 24  9999.9  0   961.5 15   10.0 24    8.9 24   16.9   22.0    0.00I 999.9  000000 	
720281 53969  20060201_3  45.18     30.2 24  9999.9  0   961.5 15   10.0 24    8.9 24   16.9   22.0    0.00I 999.9  000000 	
720281 53969  20060201_4  47.43     30.2 24  9999.9  0   961.5 15   10.0 24    8.9 24   16.9   22.0    0.00I 999.9  000000 	
720281 53969  20060201_5  60.23     30.2 24  9999.9  0   961.5 15   10.0 24    8.9 24   16.9   22.0    0.00I 999.9  000000 	
720281 53969  20060201_6  56.62     30.2 24  9999.9  0   961.5 15   10.0 24    8.9 24   16.9   22.0    0.00I 999.9  000000 	
720281 53969  20060201_7  57.58     30.2 24  9999.9  0   961.5 15   10.0 24    8.9 24   16.9   22.0    0.00I 999.9  000000 	
720281 53969  20060201_8  56.49     30.2 24  9999.9  0   961.5 15   10.0 24    8.9 24   16.9   22.0    0.00I 999.9  000000 	
720281 53969  20060201_9  54.15     30.2 24  9999.9  0   961.5 15   10.0 24    8.9 24   16.9   22.0    0.00I 999.9  000000 	
720281 53969  20060201_10  37.76     30.2 24  9999.9  0   961.5 15   10.0 24    8.9 24   16.9   22.0    0.00I 999.9  000000 	
720281 53969  20060201_11  51.80     30.2 24  9999.9  0   961.5 15   10.0 24    8.9 24   16.9   22.0    0.00I 999.9  000000 	
720281 53969  20060201_12  63.82     30.2 24  9999.9  0   961.5 15   10.0 24    8.9 24   16.9   22.0    0.00I 999.9  000000 	
720281 53969  20060201_13  52.75     30.2 24  9999.9  0   961.5 15   10.0 24    8.9 24   16.9   22.0    0.00I 999.9  000000 	
720281 53969  20060201_14  56.66     30.2 24  9999.9  0   961.5 15   10.0 24    8.9 24   16.9   22.0    0.00I 999.9  000000 	
720281 53969  20060201_15  62.62     30.2 24  9999.9  0   961.5 15   10.0 24    8.9 24   16.9   22.0    0.00I 999.9  000000 	
720281 53969  20060201_16  51.98     30.2 24  9999.9  0   961.5 15   10.0 24    8.9 24   16.9   22.0    0.00I 999.9  000000 	
720281 53969  20060201_17  46.08     30.2 24  9999.9  0   961.5 15   10.0 24    8.9 24   16.9   22.0    0.00I 999.9  000000 	
720281 53969  20060201_18  60.77     30.2 24  9999.9  0   961.5 15   10.0 24    8.9 24   16.9   22.0    0.00I 999.9  000000 	
720281 53969  20060201_19  42.34     30.2 24  9999.9  0   961.5 15   10.0 24    8.9 24   16.9   22.0    0.00I 999.9  000000 	
720281 53969  20060201_20  61.28     30.2 24  9999.9  0   961.5 15   10.0 24    8.9 24   16.9   22.0    0.00I 999.9  000000 	
720281 53969  20060201_21  43.04     30.2 24  9999.9  0   961.5 15   10.0 24    8.9 24   16.9   22.0    0.00I 999.9  000000 	
720281 53969  20060201_22  40.61     30.2 24  9999.9  0   961.5 15   10.0 24    8.9 24   16.9   22.0    0.00I 999.9  000000 	
720281 53969  20060201_23  60.03     30.2 24  9999.9  0   961.5 15   10.0 24    8.9 24   16.9   22.0    0.00I 999.9  000000 	
720281 53969  20060202_0  67.28     31.3 24  9999.9  0   958.7  8   10.0 24    5.7 24   11.1   15.0    0.00I 999.9  000000 	
720281 53969  20060202_1  59.62     31.3 24  9999.9  0   958.7  8   10.0 24    5.7 24   11.1   15.0    0.00I 999.9  000000 	
720281 53969  20060202_2  38.74     31.3 24  9999.9  0   958.7  8   10.0 24    5.7 24   11.1   15.0    0.00I 999.9  000000 	
720281 53969  20060202_3  44.93     31.3 24  9999.9  0   958.7  8   10.0 24    5.7 24   11.1   15.0    0.00I 999.9  000000 	
720281 53969  20060202_4  54.93     31.3 24  9999.9  0   958.7  8   10.0 24    5.7 24   11.1   15.0    0.00I 999.9  000000 	
720281 53969  20060202_5  54.02     31.3 24  9999.9  0   958.7  8   10.0 24    5.7 24   11.1   15.0    0.00I 999.9  000000 	
720281 53969  20060202_6  54.16     31.3 24  9999.9  0   958.7  8   10.0 24    5.7 24   11.1   15.0    0.00I 999.9  000000 	
720281 53969  20060202_7  68.09     31.3 24  9999.9  0   958.7  8   10.0 24    5.7 24   11.1   15.0    0.00I 999.9  000000 	
720281 53969  20060202_8  46.10     31.3 24  9999.9  0   958.7  8   10.0 24    5.7 24   11.1   15.0    0.00I 999.9  000000 	
720281 53969  20060202_9  40.71     31.3 24  9999.9  0   958.7  8   10.0 24    5.7 24   11.1   15.0    0.00I 999.9  000000 	
720281 53969  20060202_10  57.38     31.3 24  9999.9  0   958.7  8   10.0 24    5.7 24   11.1   15.0    0.00I 999.9  000000 	
720281 53969  20060202_11  53.53     31.3 24  9999.9  0   958.7  8   10.0 24    5.7 24   11.1   15.0    0.00I 999.9  000000 	
720281 53969  20060202_12  56.24     31.3 24  9999.9  0   958.7  8   10.0 24    5.7 24   11.1   15.0    0.00I 999.9  000000 	
720281 53969  20060202_13  53.96     31.3 24  9999.9  0   958.7  8   10.0 24    5.7 24   11.1   15.0    0.00I 999.9  000000 	
720281 53969  20060202_14  56.05     31.3 24  9999.9  0   958.7  8   10.0 24    5.7 24   11.1   15.0    0.00I 999.9  000000 	
720281 53969  20060202_15  56.77     31.3 24  9999.9  0   958.7  8   10.0 24    5.7 24   11.1   15.0    0.00I 999.9  000000 	
720281 53969  20060202_16  38.14     31.3 24  9999.9  0   958.7  8   10.0 24    5.7 24   11.1   15.0    0.00I 999.9  000000 	
720281 53969  20060202_17  60.25     31.3 24  9999.9  0   958.7  8   10.0 24    5.7 24   11.1   15.0    0.00I 999.9  000000 	
720281 53969  20060202_18  38.48     31.3 24  9999.9  0   958.7  8   10.0 24    5.7 24   11.1   15.0    0.00I 999.9  000000 	
720281 53969  20060202_19  56.45     31.3 24  9999.9  0   958.7  8   10.0 24    5.7 24   11.1   15.0    0.00I 999.9  000000 	
720281 53969  20060202_20  59.24     31.3 24  9999.9  0   958.7  8   10.0 24    5.7 24   11.1   15.0    0.00I 999.9  000000 	
720281 53969  20060202_21  59.03     31.3 24  9999.9  0   958.7  8   10.0 24    5.7 24   11.1   15.0    0.00I 999.9  000000 	
720281 53969  20060202_22  58.26     31.3 24  9999.9  0   958.7  8   10.0 24    5.7 24   11.1   15.0    0.00I 999.9  000000 	
720281 53969  20060202_23  68.54     31.3 24  9999.9  0   958.7  8   10.0 24    5.7 24   11.1   15.0    0.00I 999.9  000000 	
720286 53977  20060201_0  68.86     45.9 24  9999.9  0   980.7 16   10.0 24    6.6 24   13.0   15.9    0.00I 999.9  000000 	
720286 53977  20060201_1  61.45     45.9 24  9999.9  0   980.7 16   10.0 24    6.6 24   13.0   15.9    0.00I 999.9  000000 	
720286 53977  20060201_2  52.96     45.9 24  9999.9  0   980.7 16   10.0 24    6.6 24   13.0   15.9    0.00I 999.9  000000 	
720286 53977  20060201_3  53.32     45.9 24  9999.9  0   980.7 16   10.0 24    6.6 24   13.0   15.9    0.00I 999.9  000000 	
720286 53977  20060201_4  53.89     45.9 24  9999.9  0   980.7 16   10.0 24    6.6 24   13.0   15.9    0.00I 999.9  000000 	
720286 53977  20060201_5  60.08     45.9 24  9999.9  0   980.7 16   10.0 24    6.6 24   13.0   15.9    0.00I 999.9  000000 	
720286 53977  20060201_6  68.01     45.9 24  9999.9  0   980.7 16   10.0 24    6.6 24   13.0   15.9    0.00I 999.9  000000 	
720286 53977  20060201_7  65.88     45.9 24  9999.9  0   980.7 16   10.0 24    6.6 24   13.0   15.9    0.00I 999.9  000000 	
720286 53977  20060201_8  57.39     45.9 24  9999.9  0   980.7 16   10.0 24    6.6 24   13.0   15.9    0.00I 999.9  000000 	
720286 53977  20060201_9  61.63     45.9 24  9999.9  0   980.7 16   10.0 24    6.6 24   13.0   15.9    0.00I 999.9  000000 	
720286 53977  20060201_10  54.03     45.9 24  9999.9  0   980.7 16   10.0 24    6.6 24   13.0   15.9    0.00I 999.9  000000 	
720286 53977  20060201_11  59.88     45.9 24  9999.9  0   980.7 16   10.0 24    6.6 24   13.0   15.9    0.00I 999.9  000000 	
720286 53977  20060201_12  68.93     45.9 24  9999.9  0   980.7 16   10.0 24    6.6 24   13.0   15.9    0.00I 999.9  000000 	
720286 53977  20060201_13  58.07     45.9 24  9999.9  0   980.7 16   10.0 24    6.6 24   13.0   15.9    0.00I 999.9  000000 	
720286 53977  20060201_14  60.81     45.9 24  9999.9  0   980.7 16   10.0 24    6.6 24   13.0   15.9    0.00I 999.9  000000 	
720286 53977  20060201_15  61.18     45.9 24  9999.9  0   980.7 16   10.0 24    6.6 24   13.0   15.9    0.00I 999.9  000000 	
720286 53977  20060201_16  56.65     45.9 24  9999.9  0   980.7 16   10.0 24    6.6 24   13.0   15.9    0.00I 999.9  000000 	
720286 53977  20060201_17  65.88     45.9 24  9999.9  0   980.7 16   10.0 24    6.6 24   13.0   15.9    0.00I 999.9  000000 	
720286 53977  20060201_18  52.47     45.9 24  9999.9  0   980.7 16   10.0 24    6.6 24   13.0   15.9    0.00I 999.9  000000 	
720286 53977  20060201_19  65.60     45.9 24  9999.9  0   980.7 16   10.0 24    6.6 24   13.0   15.9    0.00I 999.9  000000 	
720286 53977  20060201_20  63.16     45.9 24  9999.9  0   980.7 16   10.0 24    6.6 24   13.0   15.9    0.00I 999.9  000000 	
720286 53977  20060201_21  60.88     45.9 24  9999.9  0   980.7 16   10.0 24    6.6 24   13.0   15.9    0.00I 999.9  000000 	
720286 53977  20060201_22  54.03     45.9 24  9999.9  0   980.7 16   10.0 24    6.6 24   13.0   15.9    0.00I 999.9  000000 	
720286 53977  20060201_23  56.62     45.9 24  9999.9  0   980.7 16   10.0 24    6.6 24   13.0   15.9    0.00I 999.9  000000 	
720286 53977  20060202_0  65.02     44.4 24  9999.9  0   975.4  7    8.5 24    3.7 24   14.0   18.1    0.00I 999.9  100000 	
720286 53977  20060202_1  67.68     44.4 24  9999.9  0   975.4  7    8.5 24    3.7 24   14.0   18.1    0.00I 999.9  100000 	
720286 53977  20060202_2  51.86     44.4 24  9999.9  0   975.4  7    8.5 24    3.7 24   14.0   18.1    0.00I 999.9  100000 	
720286 53977  20060202_3  49.53     44.4 24  9999.9  0   975.4  7    8.5 24    3.7 24   14.0   18.1    0.00I 999.9  100000 	
720286 53977  20060202_4  71.24     44.4 24  9999.9  0   975.4  7    8.5 24    3.7 24   14.0   18.1    0.00I 999.9  100000 	
720286 53977  20060202_5  52.79     44.4 24  9999.9  0   975.4  7    8.5 24    3.7 24   14.0   18.1    0.00I 999.9  100000 	
720286 53977  20060202_6  52.52     44.4 24  9999.9  0   975.4  7    8.5 24    3.7 24   14.0   18.1    0.00I 999.9  100000 	
720286 53977  20060202_7  50.00     44.4 24  9999.9  0   975.4  7    8.5 24    3.7 24   14.0   18.1    0.00I 999.9  100000 	
720286 53977  20060202_8  54.86     44.4 24  9999.9  0   975.4  7    8.5 24    3.7 24   14.0   18.1    0.00I 999.9  100000 	
720286 53977  20060202_9  53.50     44.4 24  9999.9  0   975.4  7    8.5 24    3.7 24   14.0   18.1    0.00I 999.9  100000 	
720286 53977  20060202_10  59.30     44.4 24  9999.9  0   975.4  7    8.5 24    3.7 24   14.0   18.1    0.00I 999.9  100000 	
720286 53977  20060202_11  49.50     44.4 24  9999.9  0   975.4  7    8.5 24    3.7 24   14.0   18.1    0.00I 999.9  100000 	
720286 53977  20060202_12  70.93     44.4 24  9999.9  0   975.4  7    8.5 24    3.7 24   14.0   18.1    0.00I 999.9  100000 	
720286 53977  20060202_13  67.96     44.4 24  9999.9  0   975.4  7    8.5 24    3.7 24   14.0   18.1    0.00I 999.9  100000 	
720286 53977  20060202_14  64.69     44.4 24  9999.9  0   975.4  7    8.5 24    3.7 24   14.0   18.1    0.00I 999.9  100000 	
720286 53977  20060202_15  46.47     44.4 24  9999.9  0   975.4  7    8.5 24    3.7 24   14.0   18.1    0.00I 999.9  100000 	
720286 53977  20060202_16  53.42     44.4 24  9999.9  0   975.4  7    8.5 24    3.7 24   14.0   18.1    0.00I 999.9  100000 	
720286 53977  20060202_17  53.96     44.4 24  9999.9  0   975.4  7    8.5 24    3.7 24   14.0   18.1    0.00I 999.9  100000 	
720286 53977  20060202_18  47.08     44.4 24  9999.9  0   975.4  7    8.5 24    3.7 24   14.0   18.1    0.00I 999.9  100000 	
720286 53977  20060202_19  53.24     44.4 24  9999.9  0   975.4  7    8.5 24    3.7 24   14.0   18.1    0.00I 999.9  100000 	
720286 53977  20060202_20  69.36     44.4 24  9999.9  0   975.4  7    8.5 24    3.7 24   14.0   18.1    0.00I 999.9  100000 	
720286 53977  20060202_21  48.73     44.4 24  9999.9  0   975.4  7    8.5 24    3.7 24   14.0   18.1    0.00I 999.9  100000 	
720286 53977  20060202_22  61.42     44.4 24  9999.9  0   975.4  7    8.5 24    3.7 24   14.0   18.1    0.00I 999.9  100000 	
720286 53977  20060202_23  47.35     44.4 24  9999.9  0   975.4  7    8.5 24    3.7 24   14.0   18.1    0.00I 999.9  100000 	
720287 53967  20060201_0  60.42     40.9 24  9999.9  0   981.9 15   10.0 24   11.2 24   15.0   20.0    0.00I 999.9  000000 	
720287 53967  20060201_1  58.62     40.9 24  9999.9  0   981.9 15   10.0 24   11.2 24   15.0   20.0    0.00I 999.9  000000 	
720287 53967  20060201_2  58.42     40.9 24  9999.9  0   981.9 15   10.0 24   11.2 24   15.0   20.0    0.00I 999.9  000000 	
720287 53967  20060201_3  61.34     40.9 24  9999.9  0   981.9 15   10.0 24   11.2 24   15.0   20.0    0.00I 999.9  000000 	
720287 53967  20060201_4  63.50     40.9 24  9999.9  0   981.9 15   10.0 24   11.2 24   15.0   20.0    0.00I 999.9  000000 	
720287 53967  20060201_5  57.24     40.9 24  9999.9  0   981.9 15   10.0 24   11.2 24   15.0   20.0    0.00I 999.9  000000 	
720287 53967  20060201_6  51.01     40.9 24  9999.9  0   981.9 15   10.0 24   11.2 24   15.0   20.0    0.00I 999.9  000000 	
720287 53967  20060201_7  67.18     40.9 24  9999.9  0   981.9 15   10.0 24   11.2 24   15.0   20.0    0.00I 999.9  000000 	
720287 53967  20060201_8  58.93     40.9 24  9999.9  0   981.9 15   10.0 24   11.2 24   15.0   20.0    0.00I 999.9  000000 	
720287 53967  20060201_9  52.87     40.9 24  9999.9  0   981.9 15   10.0 24   11.2 24   15.0   20.0    0.00I 999.9  000000 	
720287 53967  20060201_10  54.20     40.9 24  9999.9  0   981.9 15   10.0 24   11.2 24   15.0   20.0    0.00I 999.9  000000 	
720287 53967  20060201_11  58.79     40.9 24  9999.9  0   981.9 15   10.0 24   11.2 24   15.0   20.0    0.00I 999.9  000000 	
720287 53967  20060201_12  51.92     40.9 24  9999.9  0   981.9 15   10.0 24   11.2 24   15.0   20.0    0.00I 999.9  000000 	
720287 53967  20060201_13  50.64     40.9 24  9999.9  0   981.9 15   10.0 24   11.2 24   15.0   20.0    0.00I 999.9  000000 	
720287 53967  20060201_14  54.68     40.9 24  9999.9  0   981.9 15   10.0 24   11.2 24   15.0   20.0    0.00I 999.9  000000 	
720287 53967  20060201_15  66.22     40.9 24  9999.9  0   981.9 15   10.0 24   11.2 24   15.0   20.0    0.00I 999.9  000000 	
720287 53967  20060201_16  58.21     40.9 24  9999.9  0   981.9 15   10.0 24   11.2 24   15.0   20.0    0.00I 999.9  000000 	
720287 53967  20060201_17  59.31     40.9 24  9999.9  0   981.9 15   10.0 24   11.2 24   15.0   20.0    0.00I 999.9  000000 	
720287 53967  20060201_18  64.15     40.9 24  9999.9  0   981.9 15   10.0 24   11.2 24   15.0   20.0    0.00I 999.9  000000 	
720287 53967  20060201_19  66.03     40.9 24  9999.9  0   981.9 15   10.0 24   11.2 24   15.0   20.0    0.00I 999.9  000000 	
720287 53967  20060201_20  61.96     40.9 24  9999.9  0   981.9 15   10.0 24   11.2 24   15.0   20.0    0.00I 999.9  000000 	
720287 53967  20060201_21  51.47     40.9 24  9999.9  0   981.9 15   10.0 24   11.2 24   15.0   20.0    0.00I 999.9  000000 	
720287 53967  20060201_22  53.55     40.9 24  9999.9  0   981.9 15   10.0 24   11.2 24   15.0   20.0    0.00I 999.9  000000 	
720287 53967  20060201_23  63.64     40.9 24  9999.9  0   981.9 15   10.0 24   11.2 24   15.0   20.0    0.00I 999.9  000000 	
720287 53967  20060202_0  61.11     51.4 24  9999.9  0   976.0  6    7.1 24    5.2 24   13.0   15.9    0.00I 999.9  100000 	
720287 53967  20060202_1  69.26     51.4 24  9999.9  0   976.0  6    7.1 24    5.2 24   13.0   15.9    0.00I 999.9  100000 	
720287 53967  20060202_2  61.16     51.4 24  9999.9  0   976.0  6    7.1 24    5.2 24   13.0   15.9    0.00I 999.9  100000 	
720287 53967  20060202_3  51.41     51.4 24  9999.9  0   976.0  6    7.1 24    5.2 24   13.0   15.9    0.00I 999.9  100000 	
720287 53967  20060202_4  51.20     51.4 24  9999.9  0   976.0  6    7.1 24    5.2 24   13.0   15.9    0.00I 999.9  100000 	
720287 53967  20060202_5  69.07     51.4 24  9999.9  0   976.0  6    7.1 24    5.2 24   13.0   15.9    0.00I 999.9  100000 	
720287 53967  20060202_6  48.83     51.4 24  9999.9  0   976.0  6    7.1 24    5.2 24   13.0   15.9    0.00I 999.9  100000 	
720287 53967  20060202_7  50.80     51.4 24  9999.9  0   976.0  6    7.1 24    5.2 24   13.0   15.9    0.00I 999.9  100000 	
720287 53967  20060202_8  64.49     51.4 24  9999.9  0   976.0  6    7.1 24    5.2 24   13.0   15.9    0.00I 999.9  100000 	
720287 53967  20060202_9  65.47     51.4 24  9999.9  0   976.0  6    7.1 24    5.2 24   13.0   15.9    0.00I 999.9  100000 	
720287 53967  20060202_10  63.21     51.4 24  9999.9  0   976.0  6    7.1 24    5.2 24   13.0   15.9    0.00I 999.9  100000 	
720287 53967  20060202_11  68.37     51.4 24  9999.9  0   976.0  6    7.1 24    5.2 24   13.0   15.9    0.00I 999.9  100000 	
720287 53967  20060202_12  67.44     51.4 24  9999.9  0   976.0  6    7.1 24    5.2 24   13.0   15.9    0.00I 999.9  100000 	
720287 53967  20060202_13  55.41     51.4 24  9999.9  0   976.0  6    7.1 24    5.2 24   13.0   15.9    0.00I 999.9  100000 	
720287 53967  20060202_14  69.53     51.4 24  9999.9  0   976.0  6    7.1 24    5.2 24   13.0   15.9    0.00I 999.9  100000 	
720287 53967  20060202_15  49.21     51.4 24  9999.9  0   976.0  6    7.1 24    5.2 24   13.0   15.9    0.00I 999.9  100000 	
720287 53967  20060202_16  61.42     51.4 24  9999.9  0   976.0  6    7.1 24    5.2 24   13.0   15.9    0.00I 999.9  100000 	
720287 53967  20060202_17  58.83     51.4 24  9999.9  0   976.0  6    7.1 24    5.2 24   13.0   15.9    0.00I 999.9  100000 	
720287 53967  20060202_18  63.38     51.4 24  9999.9  0   976.0  6    7.1 24    5.2 24   13.0   15.9    0.00I 999.9  100000 	
720287 53967  20060202_19  53.91     51.4 24  9999.9  0   976.0  6    7.1 24    5.2 24   13.0   15.9    0.00I 999.9  100000 	
720287 53967  20060202_20  68.42     51.4 24  9999.9  0   976.0  6    7.1 24    5.2 24   13.0   15.9    0.00I 999.9  100000 	
720287 53967  20060202_21  54.61     51.4 24  9999.9  0   976.0  6    7.1 24    5.2 24   13.0   15.9    0.00I 999.9  100000 	
720287 53967  20060202_22  67.33     51.4 24  9999.9  0   976.0  6    7.1 24    5.2 24   13.0   15.9    0.00I 999.9  100000 	
720287 53967  20060202_23  55.30     51.4 24  9999.9  0   976.0  6    7.1 24    5.2 24   13.0   15.9    0.00I 999.9  100000 	
720291 53970  20060201_0  51.64     42.7 24  9999.9  0   993.9 13    9.6 24    8.3 24   13.0   15.0    0.00I 999.9  000000 	
720291 53970  20060201_1  55.47     42.7 24  9999.9  0   993.9 13    9.6 24    8.3 24   13.0   15.0    0.00I 999.9  000000 	
720291 53970  20060201_2  59.93     42.7 24  9999.9  0   993.9 13    9.6 24    8.3 24   13.0   15.0    0.00I 999.9  000000 	
720291 53970  20060201_3  53.11     42.7 24  9999.9  0   993.9 13    9.6 24    8.3 24   13.0   15.0    0.00I 999.9  000000 	
720291 53970  20060201_4  60.65     42.7 24  9999.9  0   993.9 13    9.6 24    8.3 24   13.0   15.0    0.00I 999.9  000000 	
720291 53970  20060201_5  59.54     42.7 24  9999.9  0   993.9 13    9.6 24    8.3 24   13.0   15.0    0.00I 999.9  000000 	
720291 53970  20060201_6  50.83     42.7 24  9999.9  0   993.9 13    9.6 24    8.3 24   13.0   15.0    0.00I 999.9  000000 	
720291 53970  20060201_7  64.45     42.7 24  9999.9  0   993.9 13    9.6 24    8.3 24   13.0   15.0    0.00I 999.9  000000 	
720291 53970  20060201_8  64.45     42.7 24  9999.9  0   993.9 13    9.6 24    8.3 24   13.0   15.0    0.00I 999.9  000000 	
720291 53970  20060201_9  64.28     42.7 24  9999.9  0   993.9 13    9.6 24    8.3 24   13.0   15.0    0.00I 999.9  000000 	
720291 53970  20060201_10  62.58     42.7 24  9999.9  0   993.9 13    9.6 24    8.3 24   13.0   15.0    0.00I 999.9  000000 	
720291 53970  20060201_11  48.89     42.7 24  9999.9  0   993.9 13    9.6 24    8.3 24   13.0   15.0    0.00I 999.9  000000 	
720291 53970  20060201_12  56.15     42.7 24  9999.9  0   993.9 13    9.6 24    8.3 24   13.0   15.0    0.00I 999.9  000000 	
720291 53970  20060201_13  64.99     42.7 24  9999.9  0   993.9 13    9.6 24    8.3 24   13.0   15.0    0.00I 999.9  000000 	
720291 53970  20060201_14  69.49     42.7 24  9999.9  0   993.9 13    9.6 24    8.3 24   13.0   15.0    0.00I 999.9  000000 	
720291 53970  20060201_15  54.19     42.7 24  9999.9  0   993.9 13    9.6 24    8.3 24   13.0   15.0    0.00I 999.9  000000 	
720291 53970  20060201_16  66.77     42.7 24  9999.9  0   993.9 13    9.6 24    8.3 24   13.0   15.0    0.00I 999.9  000000 	
720291 53970  20060201_17  55.54     42.7 24  9999.9  0   993.9 13    9.6 24    8.3 24   13.0   15.0    0.00I 999.9  000000 	
720291 53970  20060201_18  63.87     42.7 24  9999.9  0   993.9 13    9.6 24    8.3 24   13.0   15.0    0.00I 999.9  000000 	
720291 53970  20060201_19  66.96     42.7 24  9999.9  0   993.9 13    9.6 24    8.3 24   13.0   15.0    0.00I 999.9  000000 	
720291 53970  20060201_20  57.12     42.7 24  9999.9  0   993.9 13    9.6 24    8.3 24   13.0   15.0    0.00I 999.9  000000 	
720291 53970  20060201_21  68.39     42.7 24  9999.9  0   993.9 13    9.6 24    8.3 24   13.0   15.0    0.00I 999.9  000000 	
720291 53970  20060201_22  64.71     42.7 24  9999.9  0   993.9 13    9.6 24    8.3 24   13.0   15.0    0.00I 999.9  000000 	
720291 53970  20060201_23  67.78     42.7 24  9999.9  0   993.9 13    9.6 24    8.3 24   13.0   15.0    0.00I 999.9  000000 	
720291 53970  20060202_0  69.51     51.7 24  9999.9  0   986.7  9    6.4 24    4.2 24   11.1   18.1    0.00I 999.9  000000 	
720291 53970  20060202_1  66.98     51.7 24  9999.9  0   986.7  9    6.4 24    4.2 24   11.1   18.1    0.00I 999.9  000000 	
720291 53970  20060202_2  61.79     51.7 24  9999.9  0   986.7  9    6.4 24    4.2 24   11.1   18.1    0.00I 999.9  000000 	
720291 53970  20060202_3  67.36     51.7 24  9999.9  0   986.7  9    6.4 24    4.2 24   11.1   18.1    0.00I 999.9  000000 	
720291 53970  20060202_4  56.79     51.7 24  9999.9  0   986.7  9    6.4 24    4.2 24   11.1   18.1    0.00I 999.9  000000 	
720291 53970  20060202_5  53.12     51.7 24  9999.9  0   986.7  9    6.4 24    4.2 24   11.1   18.1    0.00I 999.9  000000 	
720291 53970  20060202_6  57.31     51.7 24  9999.9  0   986.7  9    6.4 24    4.2 24   11.1   18.1    0.00I 999.9  000000 	
720291 53970  20060202_7  65.17     51.7 24  9999.9  0   986.7  9    6.4 24    4.2 24   11.1   18.1    0.00I 999.9  000000 	
720291 53970  20060202_8  60.59     51.7 24  9999.9  0   986.7  9    6.4 24    4.2 24   11.1   18.1    0.00I 999.9  000000 	
720291 53970  20060202_9  57.71     51.7 24  9999.9  0   986.7  9    6.4 24    4.2 24   11.1   18.1    0.00I 999.9  000000 	
720291 53970  20060202_10  62.36     51.7 24  9999.9  0   986.7  9    6.4 24    4.2 24   11.1   18.1    0.00I 999.9  000000 	
720291 53970  20060202_11  72.02     51.7 24  9999.9  0   986.7  9    6.4 24    4.2 24   11.1   18.1    0.00I 999.9  000000 	
720291 53970  20060202_12  62.45     51.7 24  9999.9  0   986.7  9    6.4 24    4.2 24   11.1   18.1    0.00I 999.9  000000 	
720291 53970  20060202_13  69.85     51.7 24  9999.9  0   986.7  9    6.4 24    4.2 24   11.1   18.1    0.00I 999.9  000000 	
720291 53970  20060202_14  60.82     51.7 24  9999.9  0   986.7  9    6.4 24    4.2 24   11.1   18.1    0.00I 999.9  000000 	
720291 53970  20060202_15  53.27     51.7 24  9999.9  0   986.7  9    6.4 24    4.2 24   11.1   18.1    0.00I 999.9  000000 	
720291 53970  20060202_16  51.89     51.7 24  9999.9  0   986.7  9    6.4 24    4.2 24   11.1   18.1    0.00I 999.9  000000 	
720291 53970  20060202_17  57.63     51.7 24  9999.9  0   986.7  9    6.4 24    4.2 24   11.1   18.1    0.00I 999.9  000000 	
720291 53970  20060202_18  68.32     51.7 24  9999.9  0   986.7  9    6.4 24    4.2 24   11.1   18.1    0.00I 999.9  000000 	
720291 53970  20060202_19  55.28     51.7 24  9999.9  0   986.7  9    6.4 24    4.2 24   11.1   18.1    0.00I 999.9  000000 	
720291 53970  20060202_20  54.06     51.7 24  9999.9  0   986.7  9    6.4 24    4.2 24   11.1   18.1    0.00I 999.9  000000 	
720291 53970  20060202_21  67.47     51.7 24  9999.9  0   986.7  9    6.4 24    4.2 24   11.1   18.1    0.00I 999.9  000000 	
720291 53970  20060202_22  61.85     51.7 24  9999.9  0   986.7  9    6.4 24    4.2 24   11.1   18.1    0.00I 999.9  000000 	
720291 53970  20060202_23  65.00     51.7 24  9999.9  0   986.7  9    6.4 24    4.2 24   11.1   18.1    0.00I 999.9  000000 	
720295 53972  20060201_0  62.09     46.4 24  9999.9  0   984.5 14    9.1 24   11.1 24   15.9   19.0    0.00I 999.9  000000 	
720295 53972  20060201_1  54.86     46.4 24  9999.9  0   984.5 14    9.1 24   11.1 24   15.9   19.0    0.00I 999.9  000000 	
720295 53972  20060201_2  71.23     46.4 24  9999.9  0   984.5 14    9.1 24   11.1 24   15.9   19.0    0.00I 999.9  000000 	
720295 53972  20060201_3  66.62     46.4 24  9999.9  0   984.5 14    9.1 24   11.1 24   15.9   19.0    0.00I 999.9  000000 	
720295 53972  20060201_4  71.19     46.4 24  9999.9  0   984.5 14    9.1 24   11.1 24   15.9   19.0    0.00I 999.9  000000 	
720295 53972  20060201_5  62.13     46.4 24  9999.9  0   984.5 14    9.1 24   11.1 24   15.9   19.0    0.00I 999.9  000000 	
720295 53972  20060201_6  63.79     46.4 24  9999.9  0   984.5 14    9.1 24   11.1 24   15.9   19.0    0.00I 999.9  000000 	
720295 53972  20060201_7  59.54     46.4 24  9999.9  0   984.5 14    9.1 24   11.1 24   15.9   19.0    0.00I 999.9  000000 	
720295 53972  20060201_8  57.77     46.4 24  9999.9  0   984.5 14    9.1 24   11.1 24   15.9   19.0    0.00I 999.9  000000 	
720295 53972  20060201_9  68.16     46.4 24  9999.9  0   984.5 14    9.1 24   11.1 24   15.9   19.0    0.00I 999.9  000000 	
720295 53972  20060201_10  60.10     46.4 24  9999.9  0   984.5 14    9.1 24   11.1 24   15.9   19.0    0.00I 999.9  000000 	
720295 53972  20060201_11  67.24     46.4 24  9999.9  0   984.5 14    9.1 24   11.1 24   15.9   19.0    0.00I 999.9  000000 	
720295 53972  20060201_12  65.67     46.4 24  9999.9  0   984.5 14    9.1 24   11.1 24   15.9   19.0    0.00I 999.9  000000 	
720295 53972  20060201_13  61.37     46.4 24  9999.9  0   984.5 14    9.1 24   11.1 24   15.9   19.0    0.00I 999.9  000000 	
720295 53972  20060201_14  70.59     46.4 24  9999.9  0   984.5 14    9.1 24   11.1 24   15.9   19.0    0.00I 999.9  000000 	
720295 53972  20060201_15  59.70     46.4 24  9999.9  0   984.5 14    9.1 24   11.1 24   15.9   19.0    0.00I 999.9  000000 	
720295 53972  20060201_16  62.64     46.4 24  9999.9  0   984.5 14    9.1 24   11.1 24   15.9   19.0    0.00I 999.9  000000 	
720295 53972  20060201_17  56.79     46.4 24  9999.9  0   984.5 14    9.1 24   11.1 24   15.9   19.0    0.00I 999.9  000000 	
720295 53972  20060201_18  67.76     46.4 24  9999.9  0   984.5 14    9.1 24   11.1 24   15.9   19.0    0.00I 999.9  000000 	
720295 53972  20060201_19  59.32     46.4 24  9999.9  0   984.5 14    9.1 24   11.1 24   15.9   19.0    0.00I 999.9  000000 	
720295 53972  20060201_20  64.34     46.4 24  9999.9  0   984.5 14    9.1 24   11.1 24   15.9   19.0    0.00I 999.9  000000 	
720295 53972  20060201_21  58.61     46.4 24  9999.9  0   984.5 14    9.1 24   11.1 24   15.9   19.0    0.00I 999.9  000000 	
720295 53972  20060201_22  60.08     46.4 24  9999.9  0   984.5 14    9.1 24   11.1 24   15.9   19.0    0.00I 999.9  000000 	
720295 53972  20060201_23  55.22     46.4 24  9999.9  0   984.5 14    9.1 24   11.1 24   15.9   19.0    0.00I 999.9  000000 	
720295 53972  20060202_0  52.01     51.3 24  9999.9  0   977.8  5    6.1 24    5.9 24   15.0   22.0    0.00I 999.9  100000 	
720295 53972  20060202_1  62.92     51.3 24  9999.9  0   977.8  5    6.1 24    5.9 24   15.0   22.0    0.00I 999.9  100000 	
720295 53972  20060202_2  72.25     51.3 24  9999.9  0   977.8  5    6.1 24    5.9 24   15.0   22.0    0.00I 999.9  100000 	
720295 53972  20060202_3  64.97     51.3 24  9999.9  0   977.8  5    6.1 24    5.9 24   15.0   22.0    0.00I 999.9  100000 	
720295 53972  20060202_4  58.97     51.3 24  9999.9  0   977.8  5    6.1 24    5.9 24   15.0   22.0    0.00I 999.9  100000 	
720295 53972  20060202_5  69.63     51.3 24  9999.9  0   977.8  5    6.1 24    5.9 24   15.0   22.0    0.00I 999.9  100000 	
720295 53972  20060202_6  68.21     51.3 24  9999.9  0   977.8  5    6.1 24    5.9 24   15.0   22.0    0.00I 999.9  100000 	
720295 53972  20060202_7  68.39     51.3 24  9999.9  0   977.8  5    6.1 24    5.9 24   15.0   22.0    0.00I 999.9  100000 	
720295 53972  20060202_8  69.79     51.3 24  9999.9  0   977.8  5    6.1 24    5.9 24   15.0   22.0    0.00I 999.9  100000 	
720295 53972  20060202_9  58.16     51.3 24  9999.9  0   977.8  5    6.1 24    5.9 24   15.0   22.0    0.00I 999.9  100000 	
720295 53972  20060202_10  58.95     51.3 24  9999.9  0   977.8  5    6.1 24    5.9 24   15.0   22.0    0.00I 999.9  100000 	
720295 53972  20060202_11  71.83     51.3 24  9999.9  0   977.8  5    6.1 24    5.9 24   15.0   22.0    0.00I 999.9  100000 	
720295 53972  20060202_12  64.81     51.3 24  9999.9  0   977.8  5    6.1 24    5.9 24   15.0   22.0    0.00I 999.9  100000 	
720295 53972  20060202_13  68.18     51.3 24  9999.9  0   977.8  5    6.1 24    5.9 24   15.0   22.0    0.00I 999.9  100000 	
720295 53972  20060202_14  61.28     51.3 24  9999.9  0   977.8  5    6.1 24    5.9 24   15.0   22.0    0.00I 999.9  100000 	
720295 53972  20060202_15  59.16     51.3 24  9999.9  0   977.8  5    6.1 24    5.9 24   15.0   22.0    0.00I 999.9  100000 	
720295 53972  20060202_16  62.27     51.3 24  9999.9  0   977.8  5    6.1 24    5.9 24   15.0   22.0    0.00I 999.9  100000 	
720295 53972  20060202_17  57.97     51.3 24  9999.9  0   977.8  5    6.1 24    5.9 24   15.0   22.0    0.00I 999.9  100000 	
720295 53972  20060202_18  52.23     51.3 24  9999.9  0   977.8  5    6.1 24    5.9 24   15.0   22.0    0.00I 999.9  100000 	
720295 53972  20060202_19  71.06     51.3 24  9999.9  0   977.8  5    6.1 24    5.9 24   15.0   22.0    0.00I 999.9  100000 	
720295 53972  20060202_20  65.58     51.3 24  9999.9  0   977.8  5    6.1 24    5.9 24   15.0   22.0    0.00I 999.9  100000 	
720295 53972  20060202_21  61.06     51.3 24  9999.9  0   977.8  5    6.1 24    5.9 24   15.0   22.0    0.00I 999.9  100000 	
720295 53972  20060202_22  65.09     51.3 24  9999.9  0   977.8  5    6.1 24    5.9 24   15.0   22.0    0.00I 999.9  100000 	
720295 53972  20060202_23  61.17     51.3 24  9999.9  0   977.8  5    6.1 24    5.9 24   15.0   22.0    0.00I 999.9  100000 	